5 0.2177734375 0.3193359375 0.0859375 0.177734375
2 0.2138671875 0.3974609375 0.091796875 0.203125
1 0.2001953125 0.533203125 0.072265625 0.146484375
1 0.2431640625 0.2236328125 0.064453125 0.13671875
3 0.2509765625 0.1416015625 0.06640625 0.126953125
3 0.1865234375 0.658203125 0.0859375 0.1328125
6 0.177734375 0.796875 0.083984375 0.142578125
6 0.2490234375 0.0703125 0.05859375 0.103515625
4 0.3369140625 0.0634765625 0.048828125 0.1015625
4 0.3359375 0.1484375 0.046875 0.1015625
4 0.3291015625 0.2373046875 0.048828125 0.103515625
4 0.32421875 0.3232421875 0.048828125 0.107421875
4 0.3154296875 0.4267578125 0.056640625 0.107421875
4 0.3095703125 0.54296875 0.060546875 0.11328125
4 0.2998046875 0.662109375 0.056640625 0.12109375
4 0.2900390625 0.7939453125 0.064453125 0.119140625
11 0.861328125 0.2607421875 0.07421875 0.185546875
8 0.8798828125 0.3525390625 0.08203125 0.208984375
7 0.8505859375 0.1796875 0.05859375 0.146484375
7 0.9013671875 0.4873046875 0.068359375 0.14453125
9 0.8271484375 0.0986328125 0.0625 0.13671875
9 0.900390625 0.611328125 0.072265625 0.15234375
12 0.9375 0.767578125 0.080078125 0.146484375
12 0.8212890625 0.0380859375 0.056640625 0.076171875
10 0.7490234375 0.119140625 0.05078125 0.107421875
10 0.7431640625 0.0419921875 0.048828125 0.083984375
10 0.7548828125 0.20703125 0.048828125 0.103515625
10 0.765625 0.2998046875 0.052734375 0.111328125
10 0.7724609375 0.4091796875 0.052734375 0.109375
10 0.7900390625 0.521484375 0.056640625 0.103515625
10 0.7978515625 0.6279296875 0.05859375 0.11328125
10 0.818359375 0.76171875 0.072265625 0.123046875