5 0.7763671875 0.3056640625 0.0771484375 0.16796875
2 0.783203125 0.3798828125 0.08203125 0.1923828125
1 0.8017578125 0.509765625 0.064453125 0.1396484375
1 0.75 0.2138671875 0.0576171875 0.1298828125
3 0.7392578125 0.134765625 0.060546875 0.1201171875
3 0.818359375 0.6298828125 0.0791015625 0.125
6 0.83203125 0.76171875 0.0771484375 0.134765625
6 0.73828125 0.06640625 0.052734375 0.0986328125
4 0.654296875 0.0625 0.04296875 0.095703125
4 0.6572265625 0.14453125 0.041015625 0.095703125
4 0.66796875 0.2294921875 0.04296875 0.0986328125
4 0.67578125 0.3125 0.04296875 0.1005859375
4 0.6865234375 0.4111328125 0.05078125 0.1005859375
4 0.6962890625 0.5224609375 0.0556640625 0.1083984375
4 0.7099609375 0.63671875 0.05078125 0.115234375
4 0.7236328125 0.763671875 0.0576171875 0.11328125
11 0.1572265625 0.2705078125 0.064453125 0.17578125
8 0.1416015625 0.359375 0.072265625 0.19921875
7 0.1650390625 0.1923828125 0.05078125 0.1396484375
7 0.1259765625 0.4892578125 0.060546875 0.13671875
9 0.18359375 0.11328125 0.0556640625 0.1298828125
9 0.130859375 0.6083984375 0.064453125 0.14453125
12 0.1005859375 0.759765625 0.072265625 0.1396484375
12 0.1865234375 0.0478515625 0.05078125 0.0869140625
10 0.2607421875 0.1298828125 0.0458984375 0.1005859375
10 0.2646484375 0.05078125 0.04296875 0.091796875
10 0.2568359375 0.21484375 0.04296875 0.0986328125
10 0.25 0.3056640625 0.0478515625 0.10546875
10 0.248046875 0.41015625 0.0478515625 0.103515625
10 0.234375 0.517578125 0.05078125 0.0986328125
10 0.23046875 0.62109375 0.052734375 0.1083984375
10 0.21484375 0.75 0.064453125 0.115234375