5 0.21484375 0.2626953125 0.09375 0.181640625
2 0.203125 0.33984375 0.099609375 0.20703125
1 0.173828125 0.474609375 0.078125 0.150390625
1 0.25 0.16796875 0.0703125 0.140625
3 0.2666015625 0.0859375 0.072265625 0.130859375
3 0.1474609375 0.599609375 0.091796875 0.13671875
6 0.1240234375 0.7373046875 0.08984375 0.146484375
6 0.2724609375 0.0341796875 0.060546875 0.068359375
4 0.359375 0.0341796875 0.05078125 0.068359375
4 0.3515625 0.1015625 0.05078125 0.103515625
4 0.3349609375 0.1904296875 0.052734375 0.107421875
4 0.3203125 0.27734375 0.052734375 0.109375
4 0.3017578125 0.3798828125 0.060546875 0.109375
4 0.2841796875 0.4970703125 0.064453125 0.1171875
4 0.259765625 0.6142578125 0.060546875 0.125
4 0.2373046875 0.74609375 0.068359375 0.123046875
11 0.8662109375 0.271484375 0.08203125 0.189453125
8 0.876953125 0.3662109375 0.08984375 0.21484375
7 0.8642578125 0.1884765625 0.0625 0.150390625
7 0.8837890625 0.501953125 0.07421875 0.1484375
9 0.8505859375 0.1044921875 0.06640625 0.140625
9 0.8701171875 0.626953125 0.078125 0.15625
12 0.8896484375 0.7880859375 0.0859375 0.15234375
12 0.8515625 0.052734375 0.056640625 0.060546875
10 0.7685546875 0.1162109375 0.0546875 0.109375
10 0.7705078125 0.048828125 0.05078125 0.06640625
10 0.7666015625 0.2060546875 0.052734375 0.107421875
10 0.767578125 0.3017578125 0.05859375 0.115234375
10 0.76171875 0.41015625 0.05859375 0.111328125
10 0.767578125 0.5244140625 0.060546875 0.107421875
10 0.763671875 0.6337890625 0.0625 0.1171875
10 0.7705078125 0.76953125 0.076171875 0.125