10 0.2333984375 0.158203125 0.0673828125 0.1201171875
7 0.40234375 0.4462890625 0.0693359375 0.1513671875
8 0.111328125 0.302734375 0.0888671875 0.220703125
11 0.310546875 0.14453125 0.072265625 0.1923828125
12 0.3974609375 0.3486328125 0.0693359375 0.1396484375
9 0.4013671875 0.677734375 0.0771484375 0.16796875
10 0.2099609375 0.337890625 0.064453125 0.126953125
10 0.302734375 0.580078125 0.0673828125 0.1318359375
6 0.23046875 0.06640625 0.0673828125 0.1181640625
3 0.181640625 0.6669921875 0.0791015625 0.1708984375
2 0.755859375 0.318359375 0.103515625 0.2236328125
4 0.4990234375 0.69921875 0.064453125 0.1298828125
4 0.5615234375 0.3662109375 0.0556640625 0.123046875
4 0.5732421875 0.568359375 0.064453125 0.13671875