10 0.8525390625 0.8056640625 0.08984375 0.1328125
7 0.607421875 0.560546875 0.09765625 0.1640625
8 0.9345703125 0.6328125 0.130859375 0.23828125
11 0.7783203125 0.8388671875 0.111328125 0.20703125
12 0.6376953125 0.6552734375 0.095703125 0.154296875
9 0.5478515625 0.3291015625 0.107421875 0.181640625
10 0.830078125 0.6201171875 0.087890625 0.140625
10 0.6728515625 0.40234375 0.091796875 0.14453125
6 0.875 0.884765625 0.08203125 0.103515625
3 0.7705078125 0.287109375 0.111328125 0.1875
2 0.2880859375 0.7724609375 0.146484375 0.244140625
4 0.4462890625 0.3310546875 0.08984375 0.140625
4 0.470703125 0.677734375 0.08203125 0.1328125
4 0.40625 0.478515625 0.091796875 0.1484375