10 0.76953125 0.927734375 0.076171875 0.12890625
7 0.5595703125 0.625 0.076171875 0.166015625
8 0.8916015625 0.7626953125 0.1015625 0.244140625
11 0.685546875 0.919921875 0.08203125 0.150390625
12 0.572265625 0.73046875 0.076171875 0.15625
9 0.537109375 0.37109375 0.0859375 0.185546875
10 0.78125 0.7294921875 0.0703125 0.142578125
10 0.65625 0.470703125 0.076171875 0.14453125
3 0.779296875 0.3671875 0.087890625 0.189453125
2 0.1826171875 0.7890625 0.1171875 0.24609375
4 0.431640625 0.3525390625 0.072265625 0.142578125
4 0.392578125 0.7236328125 0.064453125 0.134765625
4 0.3623046875 0.501953125 0.07421875 0.150390625