10 0.763671875 0.1455078125 0.064453125 0.1181640625
7 0.580078125 0.427734375 0.064453125 0.1494140625
8 0.87890625 0.2919921875 0.083984375 0.21875
11 0.6865234375 0.12890625 0.0693359375 0.189453125
12 0.58984375 0.33203125 0.064453125 0.1396484375
9 0.5693359375 0.66015625 0.072265625 0.166015625
10 0.7802734375 0.326171875 0.060546875 0.126953125
10 0.673828125 0.564453125 0.064453125 0.1298828125
6 0.76953125 0.0556640625 0.0625 0.1103515625
3 0.7900390625 0.6552734375 0.07421875 0.1708984375
2 0.234375 0.291015625 0.0986328125 0.220703125
4 0.4736328125 0.6787109375 0.0625 0.126953125
4 0.4267578125 0.34375 0.0556640625 0.1201171875
4 0.40625 0.5458984375 0.0625 0.134765625