10 0.72265625 0.888671875 0.09375 0.13671875
7 0.6064453125 0.5576171875 0.1015625 0.169921875
8 0.8779296875 0.763671875 0.13671875 0.24609375
11 0.640625 0.8876953125 0.11328125 0.212890625
12 0.591796875 0.6591796875 0.099609375 0.158203125
9 0.6533203125 0.3193359375 0.11328125 0.189453125
10 0.783203125 0.7080078125 0.091796875 0.14453125
10 0.7353515625 0.439453125 0.095703125 0.150390625
6 0.7060546875 0.9580078125 0.091796875 0.083984375
3 0.87890625 0.375 0.115234375 0.19140625
2 0.2158203125 0.619140625 0.150390625 0.25
4 0.5576171875 0.27734375 0.09375 0.146484375
4 0.4267578125 0.6083984375 0.08203125 0.13671875
4 0.4541015625 0.3974609375 0.09375 0.154296875