10 0.783203125 0.837890625 0.0703125 0.123046875
7 0.60546875 0.5478515625 0.07421875 0.15625
8 0.9033203125 0.689453125 0.095703125 0.2265625
11 0.7041015625 0.853515625 0.076171875 0.197265625
12 0.6123046875 0.6474609375 0.07421875 0.14453125
9 0.6025390625 0.3115234375 0.08203125 0.173828125
10 0.802734375 0.6552734375 0.068359375 0.130859375
10 0.7041015625 0.4091796875 0.0703125 0.13671875
6 0.787109375 0.9326171875 0.0703125 0.12109375
3 0.8271484375 0.3193359375 0.083984375 0.17578125
2 0.2470703125 0.6845703125 0.109375 0.228515625
4 0.501953125 0.2919921875 0.068359375 0.134765625
4 0.4443359375 0.6318359375 0.05859375 0.125
4 0.4287109375 0.42578125 0.068359375 0.140625