12 0.16015625 0.119140625 0.07421875 0.134765625
8 0.150390625 0.3388671875 0.09765625 0.2109375
11 0.3134765625 0.1591796875 0.087890625 0.201171875
7 0.3525390625 0.4423828125 0.07421875 0.154296875
7 0.154296875 0.1806640625 0.078125 0.158203125
9 0.2578125 0.814453125 0.09375 0.169921875
10 0.2431640625 0.1875 0.064453125 0.123046875
10 0.2421875 0.3564453125 0.060546875 0.111328125
10 0.255859375 0.4599609375 0.07421875 0.119140625
10 0.3603515625 0.5791015625 0.064453125 0.123046875
2 0.751953125 0.279296875 0.103515625 0.216796875
1 0.5732421875 0.1513671875 0.07421875 0.158203125
6 0.5361328125 0.0693359375 0.07421875 0.138671875
6 0.4775390625 0.166015625 0.07421875 0.13671875
3 0.2529296875 0.6640625 0.103515625 0.173828125
3 0.41796875 0.255859375 0.07421875 0.13671875
4 0.7666015625 0.7587890625 0.080078125 0.140625
4 0.388671875 0.185546875 0.0625 0.115234375
4 0.671875 0.330078125 0.060546875 0.119140625
4 0.6123046875 0.5361328125 0.0703125 0.125
4 0.5595703125 0.6689453125 0.076171875 0.12890625