12 0.8642578125 0.1416015625 0.08203125 0.13671875
8 0.857421875 0.359375 0.111328125 0.21484375
11 0.7080078125 0.169921875 0.099609375 0.205078125
7 0.6494140625 0.44921875 0.083984375 0.158203125
7 0.865234375 0.203125 0.087890625 0.162109375
9 0.716796875 0.828125 0.10546875 0.173828125
10 0.775390625 0.203125 0.072265625 0.126953125
10 0.7646484375 0.373046875 0.06640625 0.11328125
10 0.7431640625 0.4736328125 0.08203125 0.123046875
10 0.6318359375 0.5859375 0.072265625 0.126953125
2 0.26171875 0.259765625 0.1171875 0.220703125
1 0.44921875 0.1435546875 0.083984375 0.16015625
6 0.4931640625 0.0673828125 0.083984375 0.134765625
6 0.54296875 0.166015625 0.083984375 0.138671875
3 0.7333984375 0.6787109375 0.115234375 0.1796875
3 0.59765625 0.2607421875 0.083984375 0.138671875
4 0.2138671875 0.7373046875 0.087890625 0.14453125
4 0.6298828125 0.19140625 0.0703125 0.119140625
4 0.337890625 0.31640625 0.068359375 0.12109375
4 0.3837890625 0.5263671875 0.078125 0.12890625
4 0.4267578125 0.6611328125 0.083984375 0.1328125