12 0.197265625 0.0927734375 0.0625 0.126953125
8 0.169921875 0.3076171875 0.0791015625 0.2021484375
11 0.3447265625 0.1455078125 0.0693359375 0.1943359375
7 0.359375 0.427734375 0.060546875 0.1494140625
7 0.1865234375 0.15234375 0.064453125 0.1513671875
9 0.234375 0.787109375 0.0791015625 0.1611328125
10 0.2744140625 0.1669921875 0.052734375 0.1181640625
10 0.2587890625 0.333984375 0.05078125 0.10546875
10 0.263671875 0.4365234375 0.064453125 0.11328125
10 0.35546875 0.5634765625 0.052734375 0.1181640625
2 0.767578125 0.3017578125 0.083984375 0.208984375
1 0.6025390625 0.16015625 0.060546875 0.1513671875
6 0.572265625 0.076171875 0.0625 0.1318359375
6 0.5068359375 0.166015625 0.0625 0.1298828125
3 0.2412109375 0.638671875 0.0888671875 0.166015625
3 0.439453125 0.25 0.0625 0.1298828125
4 0.740234375 0.7763671875 0.0673828125 0.134765625
4 0.41796875 0.177734375 0.052734375 0.1103515625
4 0.68359375 0.3447265625 0.05078125 0.11328125
4 0.607421875 0.54296875 0.060546875 0.1201171875
4 0.544921875 0.669921875 0.064453125 0.123046875