7 0.447265625 0.5859375 0.0859375 0.173828125
12 0.453125 0.69140625 0.087890625 0.158203125
11 0.373046875 0.904296875 0.09375 0.19140625
9 0.44140625 0.34375 0.099609375 0.173828125
10 0.3408203125 0.4482421875 0.07421875 0.150390625
10 0.291015625 0.890625 0.06640625 0.123046875
10 0.251953125 0.705078125 0.080078125 0.134765625
8 0.150390625 0.7490234375 0.111328125 0.24609375
6 0.2939453125 0.962890625 0.072265625 0.07421875
3 0.1962890625 0.3681640625 0.107421875 0.189453125
2 0.8310546875 0.7099609375 0.1171875 0.236328125
4 0.6240234375 0.6708984375 0.072265625 0.1328125
4 0.423828125 0.4677734375 0.076171875 0.138671875
4 0.537109375 0.3154296875 0.076171875 0.134765625