7 0.53125 0.59765625 0.083984375 0.1640625
12 0.529296875 0.69921875 0.0859375 0.15234375
11 0.6103515625 0.9052734375 0.091796875 0.189453125
9 0.53125 0.3642578125 0.095703125 0.1640625
10 0.6318359375 0.4677734375 0.07421875 0.142578125
10 0.6884765625 0.8935546875 0.06640625 0.119140625
10 0.7216796875 0.716796875 0.076171875 0.126953125
8 0.8193359375 0.7607421875 0.111328125 0.234375
6 0.685546875 0.962890625 0.07421875 0.07421875
3 0.7666015625 0.392578125 0.10546875 0.18359375
2 0.1689453125 0.70703125 0.111328125 0.22265625
4 0.3671875 0.673828125 0.068359375 0.125
4 0.5517578125 0.484375 0.072265625 0.130859375
4 0.4404296875 0.3349609375 0.07421875 0.126953125