7 0.5751953125 0.607421875 0.0859375 0.16796875
12 0.591796875 0.7099609375 0.08984375 0.158203125
11 0.7138671875 0.8935546875 0.095703125 0.1796875
9 0.529296875 0.3740234375 0.10546875 0.169921875
10 0.6484375 0.4541015625 0.080078125 0.150390625
10 0.7900390625 0.87109375 0.0703125 0.123046875
10 0.7880859375 0.6865234375 0.08203125 0.130859375
8 0.896484375 0.7099609375 0.1171875 0.2421875
6 0.8046875 0.939453125 0.072265625 0.068359375
3 0.7685546875 0.3505859375 0.115234375 0.19140625
2 0.232421875 0.7958984375 0.12109375 0.23046875
4 0.4248046875 0.7197265625 0.072265625 0.130859375
4 0.5732421875 0.4892578125 0.078125 0.13671875
4 0.4306640625 0.365234375 0.080078125 0.134765625