7 0.451171875 0.41015625 0.0693359375 0.15625
12 0.4443359375 0.310546875 0.072265625 0.14453125
11 0.34765625 0.109375 0.07421875 0.189453125
9 0.470703125 0.63671875 0.08203125 0.154296875
10 0.3642578125 0.5458984375 0.060546875 0.134765625
10 0.2724609375 0.1337890625 0.0556640625 0.11328125
10 0.255859375 0.310546875 0.064453125 0.1201171875
8 0.15625 0.275390625 0.091796875 0.2236328125
6 0.2666015625 0.048828125 0.064453125 0.09765625
3 0.2392578125 0.6298828125 0.0888671875 0.1728515625
2 0.7958984375 0.271484375 0.091796875 0.2119140625
4 0.60546875 0.3212890625 0.0576171875 0.1181640625
4 0.44140625 0.5224609375 0.060546875 0.123046875
4 0.5625 0.658203125 0.0625 0.1201171875