7 0.5556640625 0.4267578125 0.0673828125 0.15625
12 0.55859375 0.328125 0.0693359375 0.1416015625
11 0.6513671875 0.12890625 0.072265625 0.189453125
9 0.5419921875 0.65234375 0.0791015625 0.15625
10 0.64453125 0.5634765625 0.0576171875 0.13671875
10 0.7255859375 0.15625 0.052734375 0.1103515625
10 0.74609375 0.33203125 0.064453125 0.1201171875
8 0.8447265625 0.298828125 0.083984375 0.2236328125
6 0.7294921875 0.068359375 0.060546875 0.103515625
3 0.771484375 0.650390625 0.0869140625 0.1708984375
2 0.208984375 0.2802734375 0.091796875 0.2138671875
4 0.3994140625 0.333984375 0.0576171875 0.1201171875
4 0.568359375 0.5380859375 0.060546875 0.125
4 0.451171875 0.6708984375 0.060546875 0.1201171875