7 0.5400390625 0.404296875 0.076171875 0.16796875
12 0.5400390625 0.298828125 0.078125 0.15234375
11 0.62890625 0.0927734375 0.08203125 0.185546875
9 0.5341796875 0.642578125 0.08984375 0.16796875
10 0.638671875 0.544921875 0.06640625 0.146484375
10 0.7099609375 0.111328125 0.060546875 0.119140625
10 0.73828125 0.2958984375 0.072265625 0.12890625
8 0.8408203125 0.2587890625 0.09765625 0.240234375
6 0.7109375 0.037109375 0.06640625 0.07421875
3 0.7763671875 0.630859375 0.09765625 0.18359375
2 0.1689453125 0.26171875 0.10546875 0.228515625
4 0.37109375 0.310546875 0.064453125 0.12890625
4 0.5576171875 0.5205078125 0.068359375 0.134765625
4 0.4384765625 0.6640625 0.068359375 0.12890625