7 0.4580078125 0.6005859375 0.076171875 0.1640625
12 0.4541015625 0.7041015625 0.078125 0.15234375
11 0.353515625 0.908203125 0.08203125 0.18359375
9 0.4755859375 0.361328125 0.087890625 0.162109375
10 0.3642578125 0.458984375 0.064453125 0.142578125
10 0.27734375 0.892578125 0.060546875 0.119140625
10 0.2568359375 0.70703125 0.0703125 0.126953125
8 0.15234375 0.74609375 0.099609375 0.234375
6 0.2724609375 0.9638671875 0.068359375 0.072265625
3 0.2333984375 0.3740234375 0.095703125 0.181640625
2 0.8203125 0.73828125 0.099609375 0.22265625
4 0.62109375 0.6904296875 0.0625 0.125
4 0.4462890625 0.482421875 0.064453125 0.12890625
4 0.5703125 0.337890625 0.068359375 0.126953125