7 0.4609375 0.42578125 0.0703125 0.15234375
12 0.458984375 0.328125 0.07421875 0.142578125
11 0.369140625 0.130859375 0.080078125 0.1875
9 0.4736328125 0.6474609375 0.087890625 0.15234375
10 0.373046875 0.556640625 0.064453125 0.13671875
10 0.2958984375 0.1533203125 0.056640625 0.111328125
10 0.2744140625 0.3251953125 0.0703125 0.119140625
8 0.1767578125 0.2890625 0.09375 0.220703125
6 0.2939453125 0.0595703125 0.064453125 0.119140625
3 0.2490234375 0.63671875 0.095703125 0.173828125
2 0.80078125 0.2958984375 0.099609375 0.208984375
4 0.6142578125 0.3408203125 0.060546875 0.1171875
4 0.447265625 0.5341796875 0.064453125 0.123046875
4 0.5625 0.66796875 0.068359375 0.12109375