7 0.455078125 0.427734375 0.064453125 0.1494140625
12 0.451171875 0.33203125 0.0693359375 0.1396484375
11 0.35546875 0.1396484375 0.072265625 0.1826171875
9 0.4755859375 0.646484375 0.08203125 0.1494140625
10 0.3740234375 0.5615234375 0.060546875 0.1318359375
10 0.283203125 0.1650390625 0.052734375 0.1083984375
10 0.267578125 0.333984375 0.064453125 0.115234375
8 0.1708984375 0.302734375 0.0869140625 0.216796875
6 0.2763671875 0.064453125 0.060546875 0.12890625
3 0.25390625 0.64453125 0.0888671875 0.16796875
2 0.7880859375 0.287109375 0.091796875 0.2041015625
4 0.6044921875 0.3388671875 0.0556640625 0.115234375
4 0.4462890625 0.5361328125 0.060546875 0.1201171875
4 0.564453125 0.6650390625 0.0625 0.1181640625