2 0.7197265625 0.2705078125 0.0986328125 0.2236328125
11 0.7763671875 0.0888671875 0.091796875 0.177734375
7 0.4482421875 0.404296875 0.0693359375 0.1630859375
12 0.443359375 0.3017578125 0.0791015625 0.146484375
6 0.2744140625 0.041015625 0.0673828125 0.08203125
8 0.154296875 0.263671875 0.095703125 0.228515625
10 0.2763671875 0.1103515625 0.0673828125 0.1201171875
10 0.349609375 0.5380859375 0.0693359375 0.125
10 0.251953125 0.296875 0.0625 0.126953125
4 0.3447265625 0.41015625 0.064453125 0.123046875
4 0.609375 0.3056640625 0.064453125 0.125
4 0.548828125 0.65234375 0.060546875 0.126953125