2 0.314453125 0.224609375 0.119140625 0.248046875
11 0.26171875 0.0615234375 0.10546875 0.123046875
7 0.6015625 0.384765625 0.0859375 0.181640625
12 0.6123046875 0.2744140625 0.09375 0.1640625
6 0.810546875 0.0302734375 0.07421875 0.03125
8 0.9296875 0.2490234375 0.1171875 0.25390625
10 0.806640625 0.078125 0.078125 0.12890625
10 0.701171875 0.537109375 0.083984375 0.138671875
10 0.8203125 0.279296875 0.076171875 0.142578125
4 0.7138671875 0.396484375 0.078125 0.13671875
4 0.431640625 0.2685546875 0.078125 0.138671875
4 0.4775390625 0.6494140625 0.072265625 0.142578125