2 0.7080078125 0.3173828125 0.09375 0.216796875
11 0.751953125 0.138671875 0.0869140625 0.1806640625
7 0.4521484375 0.44140625 0.0673828125 0.15625
12 0.4423828125 0.341796875 0.0771484375 0.14453125
6 0.2646484375 0.06640625 0.0625 0.123046875
8 0.16015625 0.30078125 0.09375 0.220703125
10 0.2705078125 0.1552734375 0.064453125 0.1181640625
10 0.3642578125 0.5693359375 0.064453125 0.1201171875
10 0.255859375 0.333984375 0.060546875 0.125
4 0.3505859375 0.4443359375 0.0625 0.1201171875
4 0.603515625 0.3486328125 0.0625 0.1201171875
4 0.5615234375 0.68359375 0.060546875 0.123046875