2 0.7509765625 0.6650390625 0.1328125 0.251953125
11 0.830078125 0.8544921875 0.12109375 0.2109375
7 0.4453125 0.5654296875 0.091796875 0.181640625
12 0.453125 0.673828125 0.1015625 0.16796875
6 0.302734375 0.9638671875 0.08203125 0.072265625
8 0.150390625 0.7578125 0.12890625 0.255859375
10 0.298828125 0.9013671875 0.083984375 0.13671875
10 0.326171875 0.435546875 0.0859375 0.138671875
10 0.25 0.70703125 0.08203125 0.14453125
4 0.3349609375 0.5732421875 0.08203125 0.138671875
4 0.6279296875 0.6455078125 0.08203125 0.142578125
4 0.5224609375 0.2841796875 0.08203125 0.14453125