2 0.7177734375 0.31640625 0.09375 0.21875
11 0.767578125 0.13671875 0.0888671875 0.1826171875
7 0.453125 0.439453125 0.064453125 0.158203125
12 0.4482421875 0.341796875 0.07421875 0.14453125
6 0.2802734375 0.064453125 0.064453125 0.1201171875
8 0.166015625 0.298828125 0.091796875 0.2236328125
10 0.283203125 0.15234375 0.0625 0.1181640625
10 0.359375 0.5693359375 0.064453125 0.1201171875
10 0.2607421875 0.333984375 0.060546875 0.125
4 0.3525390625 0.4443359375 0.060546875 0.1201171875
4 0.609375 0.34765625 0.060546875 0.123046875
4 0.5537109375 0.685546875 0.060546875 0.125