2 0.71484375 0.23828125 0.107421875 0.234375
11 0.771484375 0.0703125 0.09765625 0.140625
7 0.43359375 0.3828125 0.076171875 0.171875
12 0.4267578125 0.2763671875 0.0859375 0.154296875
6 0.24609375 0.0263671875 0.0703125 0.046875
8 0.123046875 0.2421875 0.10546875 0.240234375
10 0.248046875 0.0791015625 0.072265625 0.126953125
10 0.3330078125 0.525390625 0.076171875 0.1328125
10 0.2275390625 0.275390625 0.068359375 0.134765625
4 0.326171875 0.3916015625 0.0703125 0.12890625
4 0.6005859375 0.27734375 0.0703125 0.1328125
4 0.5439453125 0.640625 0.064453125 0.134765625