2 0.2421875 0.3720703125 0.140625 0.240234375
11 0.1533203125 0.203125 0.126953125 0.203125
7 0.5341796875 0.439453125 0.099609375 0.171875
12 0.517578125 0.3408203125 0.10546875 0.16015625
6 0.626953125 0.046875 0.08984375 0.09375
8 0.7919921875 0.2373046875 0.138671875 0.244140625
10 0.642578125 0.1162109375 0.087890625 0.1328125
10 0.6552734375 0.5498046875 0.08984375 0.134765625
10 0.703125 0.29296875 0.0859375 0.138671875
4 0.63671875 0.4228515625 0.0859375 0.1328125
4 0.357421875 0.380859375 0.0859375 0.13671875
4 0.4853515625 0.70703125 0.0859375 0.138671875