2 0.748046875 0.6435546875 0.126953125 0.234375
11 0.8193359375 0.8212890625 0.115234375 0.197265625
7 0.466796875 0.5537109375 0.091796875 0.169921875
12 0.4716796875 0.6572265625 0.099609375 0.158203125
6 0.330078125 0.9482421875 0.08203125 0.103515625
8 0.1884765625 0.740234375 0.126953125 0.240234375
10 0.322265625 0.873046875 0.083984375 0.130859375
10 0.3583984375 0.43359375 0.083984375 0.1328125
10 0.2822265625 0.69140625 0.080078125 0.13671875
4 0.36328125 0.564453125 0.08203125 0.130859375
4 0.6357421875 0.626953125 0.08203125 0.130859375
4 0.5439453125 0.2890625 0.080078125 0.134765625