2 0.3095703125 0.291015625 0.134765625 0.236328125
11 0.296875 0.1015625 0.119140625 0.197265625
7 0.5478515625 0.4619140625 0.095703125 0.169921875
12 0.5751953125 0.3623046875 0.103515625 0.16015625
6 0.8037109375 0.115234375 0.0859375 0.134765625
8 0.869140625 0.3720703125 0.134765625 0.240234375
10 0.7822265625 0.2041015625 0.0859375 0.130859375
10 0.61328125 0.6083984375 0.087890625 0.1328125
10 0.7646484375 0.3876953125 0.08203125 0.13671875
4 0.6484375 0.4833984375 0.0859375 0.1328125
4 0.41015625 0.341796875 0.0859375 0.1328125
4 0.392578125 0.6884765625 0.08203125 0.134765625