2 0.2255859375 0.283203125 0.095703125 0.220703125
12 0.5869140625 0.3125 0.072265625 0.1494140625
9 0.6708984375 0.4052734375 0.0771484375 0.1611328125
7 0.57421875 0.416015625 0.0673828125 0.16796875
11 0.685546875 0.1025390625 0.0771484375 0.1943359375
8 0.875 0.26953125 0.091796875 0.2353515625
10 0.763671875 0.126953125 0.064453125 0.115234375
10 0.7744140625 0.310546875 0.0625 0.125
10 0.6650390625 0.552734375 0.064453125 0.1298828125
6 0.76953125 0.0478515625 0.072265625 0.095703125
4 0.416015625 0.3271484375 0.0625 0.1298828125
4 0.583984375 0.533203125 0.0673828125 0.1201171875
4 0.4580078125 0.6708984375 0.0693359375 0.1298828125