2 0.1953125 0.298828125 0.1171875 0.240234375
12 0.580078125 0.3037109375 0.087890625 0.16015625
9 0.6796875 0.3955078125 0.091796875 0.173828125
7 0.580078125 0.4111328125 0.08203125 0.18359375
11 0.65625 0.08984375 0.09375 0.1796875
8 0.876953125 0.2373046875 0.111328125 0.251953125
10 0.7412109375 0.0947265625 0.078125 0.126953125
10 0.77734375 0.2861328125 0.076171875 0.134765625
10 0.693359375 0.548828125 0.078125 0.142578125
6 0.736328125 0.033203125 0.08203125 0.06640625
4 0.40234375 0.330078125 0.072265625 0.138671875
4 0.607421875 0.53515625 0.078125 0.12890625
4 0.4892578125 0.6875 0.080078125 0.138671875