2 0.767578125 0.755859375 0.119140625 0.2421875
12 0.3857421875 0.68359375 0.087890625 0.162109375
9 0.3017578125 0.576171875 0.091796875 0.17578125
7 0.404296875 0.5771484375 0.08203125 0.185546875
11 0.2705078125 0.8876953125 0.09375 0.193359375
8 0.0791015625 0.697265625 0.111328125 0.25390625
10 0.1884765625 0.8642578125 0.078125 0.126953125
10 0.1865234375 0.666015625 0.076171875 0.134765625
10 0.3154296875 0.419921875 0.080078125 0.142578125
6 0.1806640625 0.9345703125 0.08203125 0.083984375
4 0.56640625 0.689453125 0.07421875 0.140625
4 0.3994140625 0.44921875 0.078125 0.130859375
4 0.54296875 0.318359375 0.08203125 0.140625