2 0.2275390625 0.681640625 0.103515625 0.220703125
12 0.5859375 0.6650390625 0.076171875 0.150390625
9 0.677734375 0.578125 0.078125 0.16015625
7 0.583984375 0.5654296875 0.072265625 0.169921875
11 0.6640625 0.876953125 0.083984375 0.193359375
8 0.8671875 0.720703125 0.1015625 0.232421875
10 0.744140625 0.857421875 0.068359375 0.1171875
10 0.7724609375 0.677734375 0.06640625 0.125
10 0.6865234375 0.435546875 0.068359375 0.1328125
6 0.7392578125 0.9423828125 0.076171875 0.115234375
4 0.4208984375 0.646484375 0.064453125 0.12890625
4 0.6044921875 0.4501953125 0.0703125 0.12109375
4 0.4912109375 0.3115234375 0.07421875 0.130859375