2 0.2392578125 0.3017578125 0.0888671875 0.208984375
12 0.583984375 0.3349609375 0.0673828125 0.1416015625
9 0.66796875 0.423828125 0.0673828125 0.1513671875
7 0.5771484375 0.431640625 0.0625 0.1611328125
11 0.6708984375 0.134765625 0.072265625 0.1826171875
8 0.8583984375 0.2958984375 0.0869140625 0.220703125
10 0.74609375 0.158203125 0.060546875 0.1103515625
10 0.7646484375 0.3330078125 0.0576171875 0.1181640625
10 0.669921875 0.5625 0.060546875 0.125
6 0.7470703125 0.064453125 0.068359375 0.12890625
4 0.423828125 0.3447265625 0.0556640625 0.123046875
4 0.591796875 0.544921875 0.0625 0.11328125
4 0.474609375 0.671875 0.064453125 0.123046875