2 0.1474609375 0.736328125 0.130859375 0.251953125
12 0.54296875 0.7451171875 0.095703125 0.169921875
9 0.64453125 0.6533203125 0.1015625 0.18359375
7 0.5419921875 0.630859375 0.091796875 0.19140625
11 0.630859375 0.9375 0.09765625 0.125
8 0.8515625 0.8251953125 0.126953125 0.267578125
10 0.7138671875 0.9501953125 0.083984375 0.099609375
10 0.7470703125 0.76953125 0.08203125 0.142578125
10 0.65625 0.4931640625 0.0859375 0.1484375
4 0.359375 0.7099609375 0.08203125 0.1484375
4 0.5654296875 0.50390625 0.0859375 0.138671875
4 0.4443359375 0.3408203125 0.08984375 0.150390625