2 0.228515625 0.28125 0.091796875 0.216796875
12 0.5849609375 0.3173828125 0.0693359375 0.14453125
9 0.6708984375 0.41015625 0.072265625 0.15625
7 0.5771484375 0.4169921875 0.0625 0.166015625
11 0.67578125 0.11328125 0.072265625 0.1875
8 0.8662109375 0.2802734375 0.083984375 0.228515625
10 0.751953125 0.1357421875 0.0625 0.11328125
10 0.7705078125 0.3173828125 0.060546875 0.1201171875
10 0.6708984375 0.5537109375 0.0625 0.126953125
6 0.75390625 0.052734375 0.0693359375 0.10546875
4 0.41796875 0.3271484375 0.0576171875 0.125
4 0.591796875 0.533203125 0.0625 0.115234375
4 0.4697265625 0.666015625 0.064453125 0.125