2 0.1728515625 0.70703125 0.107421875 0.23828125
12 0.55859375 0.6826171875 0.080078125 0.16015625
9 0.6494140625 0.5859375 0.0859375 0.173828125
7 0.5478515625 0.5732421875 0.076171875 0.181640625
11 0.66015625 0.90234375 0.0859375 0.1953125
8 0.865234375 0.7353515625 0.1015625 0.251953125
10 0.7431640625 0.8837890625 0.072265625 0.125
10 0.7587890625 0.689453125 0.068359375 0.134765625
10 0.6455078125 0.4287109375 0.072265625 0.140625
6 0.748046875 0.9580078125 0.078125 0.083984375
4 0.376953125 0.6650390625 0.068359375 0.140625
4 0.5595703125 0.447265625 0.07421875 0.12890625
4 0.4287109375 0.298828125 0.076171875 0.140625