2 0.77734375 0.2666015625 0.10546875 0.224609375
12 0.4169921875 0.3212890625 0.078125 0.15234375
9 0.333984375 0.4189453125 0.078125 0.162109375
7 0.4306640625 0.421875 0.07421875 0.171875
11 0.3154296875 0.115234375 0.0859375 0.1953125
8 0.126953125 0.294921875 0.103515625 0.236328125
10 0.2373046875 0.14453125 0.0703125 0.119140625
10 0.2275390625 0.328125 0.06640625 0.126953125
10 0.33984375 0.564453125 0.0703125 0.134765625
6 0.2314453125 0.064453125 0.076171875 0.103515625
4 0.5859375 0.322265625 0.064453125 0.130859375
4 0.4208984375 0.5400390625 0.072265625 0.123046875
4 0.55078125 0.6689453125 0.07421875 0.1328125