5 0.765625 0.2705078125 0.09765625 0.171875
2 0.78515625 0.3447265625 0.107421875 0.20703125
1 0.74609375 0.6123046875 0.080078125 0.15234375
1 0.7177734375 0.1865234375 0.076171875 0.1484375
12 0.9013671875 0.7119140625 0.099609375 0.15625
12 0.6796875 0.052734375 0.0703125 0.10546875
3 0.4287109375 0.42578125 0.08203125 0.146484375
3 0.5361328125 0.130859375 0.07421875 0.142578125
4 0.6162109375 0.134765625 0.0546875 0.09375
4 0.5927734375 0.0498046875 0.060546875 0.099609375
4 0.7275390625 0.501953125 0.06640625 0.109375
4 0.6943359375 0.3935546875 0.068359375 0.11328125
4 0.638671875 0.21484375 0.0625 0.111328125
4 0.4912109375 0.31640625 0.060546875 0.115234375
4 0.6484375 0.6279296875 0.0703125 0.12109375
4 0.703125 0.7509765625 0.076171875 0.126953125
12 0.123046875 0.111328125 0.076171875 0.119140625
12 0.296875 0.8154296875 0.09375 0.1484375
8 0.1435546875 0.435546875 0.11328125 0.21484375
11 0.142578125 0.345703125 0.103515625 0.185546875
7 0.15625 0.568359375 0.08984375 0.154296875
7 0.28515625 0.0888671875 0.072265625 0.123046875
9 0.3134765625 0.2353515625 0.08203125 0.146484375
9 0.1826171875 0.6826171875 0.099609375 0.15625
10 0.498046875 0.7763671875 0.078125 0.12109375
10 0.267578125 0.57421875 0.06640625 0.109375
10 0.28515625 0.6826171875 0.078125 0.119140625
10 0.259765625 0.46875 0.06640625 0.115234375
10 0.408203125 0.330078125 0.0625 0.107421875
10 0.3701171875 0.1669921875 0.060546875 0.10546875
10 0.232421875 0.2724609375 0.064453125 0.111328125
10 0.2060546875 0.1044921875 0.064453125 0.115234375