5 0.7978515625 0.314453125 0.072265625 0.1630859375
2 0.8056640625 0.3916015625 0.0771484375 0.197265625
1 0.7255859375 0.6494140625 0.0576171875 0.14453125
1 0.763671875 0.224609375 0.0556640625 0.1416015625
12 0.86328125 0.7724609375 0.0771484375 0.146484375
12 0.7490234375 0.076171875 0.05078125 0.123046875
3 0.44140625 0.416015625 0.060546875 0.1396484375
3 0.59375 0.140625 0.052734375 0.13671875
4 0.671875 0.1572265625 0.041015625 0.0888671875
4 0.662109375 0.0673828125 0.0458984375 0.1005859375
4 0.724609375 0.537109375 0.05078125 0.103515625
4 0.708984375 0.42578125 0.052734375 0.10546875
4 0.681640625 0.240234375 0.0458984375 0.10546875
4 0.51953125 0.3173828125 0.04296875 0.1103515625
4 0.626953125 0.6494140625 0.052734375 0.115234375
4 0.6611328125 0.779296875 0.0576171875 0.1201171875
12 0.1884765625 0.0576171875 0.060546875 0.1103515625
12 0.25 0.779296875 0.072265625 0.1396484375
8 0.158203125 0.380859375 0.08203125 0.2041015625
11 0.1708984375 0.2919921875 0.0771484375 0.17578125
7 0.1494140625 0.513671875 0.0673828125 0.146484375
7 0.3525390625 0.060546875 0.0556640625 0.115234375
9 0.357421875 0.208984375 0.060546875 0.1396484375
9 0.158203125 0.630859375 0.0771484375 0.146484375
10 0.455078125 0.7724609375 0.060546875 0.11328125
10 0.2587890625 0.537109375 0.05078125 0.103515625
10 0.259765625 0.646484375 0.0625 0.1103515625
10 0.267578125 0.431640625 0.05078125 0.1083984375
10 0.435546875 0.3173828125 0.0478515625 0.1005859375
10 0.423828125 0.150390625 0.0458984375 0.0986328125
10 0.271484375 0.2333984375 0.0478515625 0.10546875
10 0.271484375 0.0634765625 0.0478515625 0.1083984375