5 0.85546875 0.626953125 0.109375 0.17578125
2 0.841796875 0.55078125 0.123046875 0.2109375
1 0.697265625 0.3212890625 0.09375 0.15625
1 0.8466796875 0.7216796875 0.0859375 0.150390625
12 0.796875 0.1669921875 0.109375 0.16015625
12 0.8720703125 0.857421875 0.07421875 0.109375
3 0.4814453125 0.619140625 0.091796875 0.146484375
3 0.705078125 0.84765625 0.083984375 0.1484375
4 0.7763671875 0.8115234375 0.0625 0.095703125
4 0.7890625 0.8896484375 0.064453125 0.087890625
4 0.7236328125 0.4287109375 0.07421875 0.115234375
4 0.7421875 0.541015625 0.07421875 0.115234375
4 0.7666015625 0.728515625 0.0703125 0.11328125
4 0.5830078125 0.6943359375 0.068359375 0.1171875
4 0.6005859375 0.345703125 0.078125 0.125
4 0.5966796875 0.2119140625 0.0859375 0.1328125
12 0.328125 0.984375 0.07421875 0.03125
12 0.197265625 0.31640625 0.1015625 0.154296875
8 0.216796875 0.7255859375 0.130859375 0.22265625
11 0.25390625 0.8076171875 0.119140625 0.189453125
7 0.1708984375 0.6005859375 0.1015625 0.158203125
7 0.48828125 0.9609375 0.07421875 0.078125
9 0.45703125 0.841796875 0.09375 0.15234375
9 0.1484375 0.484375 0.111328125 0.1640625
10 0.3984375 0.2685546875 0.083984375 0.123046875
10 0.2724609375 0.5498046875 0.07421875 0.115234375
10 0.2421875 0.4443359375 0.0859375 0.125
10 0.310546875 0.6484375 0.076171875 0.119140625
10 0.5029296875 0.7158203125 0.0703125 0.111328125
10 0.537109375 0.87890625 0.0703125 0.109375
10 0.365234375 0.83984375 0.0703125 0.1171875
10 0.408203125 0.9716796875 0.06640625 0.056640625