5 0.814453125 0.291015625 0.072265625 0.1630859375
2 0.8193359375 0.3681640625 0.0771484375 0.197265625
1 0.734375 0.6259765625 0.060546875 0.146484375
1 0.783203125 0.201171875 0.052734375 0.1416015625
12 0.8681640625 0.7509765625 0.0771484375 0.146484375
12 0.7744140625 0.0634765625 0.052734375 0.0986328125
3 0.453125 0.388671875 0.060546875 0.13671875
3 0.615234375 0.11328125 0.052734375 0.1396484375
4 0.6923828125 0.130859375 0.04296875 0.0888671875
4 0.6865234375 0.0517578125 0.0458984375 0.0791015625
4 0.734375 0.5146484375 0.05078125 0.10546875
4 0.724609375 0.4013671875 0.05078125 0.10546875
4 0.703125 0.2138671875 0.0458984375 0.10546875
4 0.533203125 0.291015625 0.04296875 0.1103515625
4 0.634765625 0.625 0.052734375 0.115234375
4 0.6630859375 0.755859375 0.0576171875 0.123046875
12 0.208984375 0.0419921875 0.0576171875 0.0791015625
12 0.2509765625 0.7509765625 0.0693359375 0.1416015625
8 0.1708984375 0.349609375 0.08203125 0.208984375
11 0.1865234375 0.2607421875 0.0791015625 0.17578125
7 0.15625 0.482421875 0.0673828125 0.146484375
7 0.3759765625 0.0478515625 0.0556640625 0.08203125
9 0.3759765625 0.1787109375 0.060546875 0.1416015625
9 0.1630859375 0.6005859375 0.0771484375 0.1494140625
10 0.45703125 0.7490234375 0.0576171875 0.11328125
10 0.267578125 0.5068359375 0.05078125 0.10546875
10 0.263671875 0.6162109375 0.060546875 0.11328125
10 0.2802734375 0.4013671875 0.05078125 0.1103515625
10 0.451171875 0.2900390625 0.0458984375 0.103515625
10 0.4443359375 0.123046875 0.0478515625 0.1005859375
10 0.287109375 0.203125 0.0458984375 0.1083984375
10 0.29296875 0.0458984375 0.0478515625 0.08203125