5 0.8310546875 0.783203125 0.09375 0.18359375
2 0.84375 0.69921875 0.1015625 0.220703125
1 0.775390625 0.4130859375 0.078125 0.1640625
1 0.7880859375 0.876953125 0.0703125 0.158203125
12 0.9306640625 0.291015625 0.095703125 0.166015625
12 0.767578125 0.984375 0.0625 0.03125
3 0.44921875 0.6435546875 0.078125 0.154296875
3 0.5986328125 0.9384765625 0.068359375 0.123046875
4 0.68359375 0.943359375 0.0546875 0.099609375
4 0.6708984375 0.9912109375 0.052734375 0.017578125
4 0.7646484375 0.5341796875 0.064453125 0.119140625
4 0.744140625 0.654296875 0.064453125 0.119140625
4 0.703125 0.85546875 0.060546875 0.1171875
4 0.52734375 0.755859375 0.056640625 0.123046875
4 0.66796875 0.4052734375 0.068359375 0.12890625
4 0.7119140625 0.2666015625 0.07421875 0.138671875
12 0.1572265625 0.9609375 0.064453125 0.025390625
12 0.265625 0.232421875 0.087890625 0.16015625
8 0.1416015625 0.658203125 0.107421875 0.234375
11 0.1494140625 0.755859375 0.1015625 0.197265625
7 0.1376953125 0.5146484375 0.0859375 0.1640625
7 0.3369140625 0.97265625 0.0625 0.033203125
9 0.3466796875 0.8623046875 0.078125 0.158203125
9 0.1572265625 0.38671875 0.09765625 0.16796875
10 0.4873046875 0.2548828125 0.072265625 0.126953125
10 0.2607421875 0.498046875 0.064453125 0.119140625
10 0.2666015625 0.37890625 0.076171875 0.126953125
10 0.263671875 0.6123046875 0.064453125 0.125
10 0.4375 0.7490234375 0.05859375 0.1171875
10 0.4150390625 0.9287109375 0.060546875 0.11328125
10 0.2529296875 0.8271484375 0.060546875 0.12109375
10 0.24609375 0.966796875 0.0546875 0.029296875