5 0.8251953125 0.7978515625 0.099609375 0.18359375
2 0.837890625 0.716796875 0.10546875 0.22265625
1 0.7734375 0.42578125 0.078125 0.162109375
1 0.78125 0.8916015625 0.076171875 0.16015625
12 0.9306640625 0.30859375 0.099609375 0.166015625
12 0.759765625 0.9912109375 0.06640625 0.017578125
3 0.4462890625 0.6455078125 0.080078125 0.15625
3 0.591796875 0.9423828125 0.06640625 0.115234375
4 0.67578125 0.9521484375 0.0546875 0.095703125
4 0.6630859375 0.99609375 0.056640625 0.0078125
4 0.76171875 0.546875 0.06640625 0.1171875
4 0.73828125 0.6669921875 0.06640625 0.12109375
4 0.6943359375 0.865234375 0.0625 0.119140625
4 0.5234375 0.76171875 0.056640625 0.123046875
4 0.6669921875 0.4130859375 0.0703125 0.12890625
4 0.712890625 0.279296875 0.076171875 0.1328125
12 0.1513671875 0.955078125 0.064453125 0.02734375
12 0.2685546875 0.228515625 0.09375 0.158203125
8 0.1376953125 0.650390625 0.109375 0.23046875
11 0.1455078125 0.748046875 0.10546875 0.19921875
7 0.13671875 0.5048828125 0.091796875 0.16796875
7 0.3271484375 0.97265625 0.0625 0.029296875
9 0.3388671875 0.8623046875 0.080078125 0.158203125
9 0.1572265625 0.3798828125 0.099609375 0.166015625
10 0.490234375 0.2587890625 0.078125 0.12890625
10 0.2568359375 0.494140625 0.06640625 0.1171875
10 0.2666015625 0.375 0.078125 0.126953125
10 0.2607421875 0.607421875 0.06640625 0.123046875
10 0.4345703125 0.7509765625 0.064453125 0.115234375
10 0.4091796875 0.931640625 0.064453125 0.11328125
10 0.2490234375 0.8251953125 0.0625 0.123046875
10 0.2421875 0.962890625 0.0546875 0.03125