5 0.109375 0.3544921875 0.11328125 0.1875
2 0.12109375 0.435546875 0.123046875 0.2265625
1 0.2666015625 0.693359375 0.091796875 0.166015625
1 0.125 0.25390625 0.087890625 0.162109375
12 0.1513671875 0.8515625 0.111328125 0.169921875
12 0.1064453125 0.1142578125 0.078125 0.1015625
3 0.5146484375 0.3896484375 0.091796875 0.158203125
3 0.283203125 0.12890625 0.08203125 0.15625
4 0.2041015625 0.162109375 0.060546875 0.099609375
4 0.197265625 0.0849609375 0.06640625 0.080078125
4 0.2431640625 0.5751953125 0.07421875 0.12109375
4 0.2294921875 0.4541015625 0.076171875 0.123046875
4 0.2138671875 0.2529296875 0.0703125 0.12109375
4 0.4072265625 0.3017578125 0.06640625 0.123046875
4 0.3720703125 0.6748046875 0.080078125 0.130859375
4 0.3671875 0.81640625 0.0859375 0.13671875
12 0.69921875 0.0126953125 0.07421875 0.025390625
12 0.8056640625 0.7353515625 0.10546875 0.1640625
8 0.806640625 0.2958984375 0.126953125 0.234375
11 0.76953125 0.205078125 0.12109375 0.203125
7 0.849609375 0.43359375 0.103515625 0.169921875
7 0.5263671875 0.0302734375 0.072265625 0.060546875
9 0.552734375 0.15234375 0.09375 0.16015625
9 0.8662109375 0.55859375 0.111328125 0.169921875
10 0.5859375 0.7705078125 0.087890625 0.1328125
10 0.73828125 0.478515625 0.07421875 0.12109375
10 0.7646484375 0.5947265625 0.087890625 0.130859375
10 0.7021484375 0.3720703125 0.076171875 0.125
10 0.4951171875 0.2861328125 0.072265625 0.1171875
10 0.466796875 0.107421875 0.0703125 0.115234375
10 0.650390625 0.1611328125 0.0703125 0.125
10 0.6123046875 0.0224609375 0.064453125 0.044921875