5 0.173828125 0.697265625 0.078125 0.171875
2 0.1650390625 0.6162109375 0.083984375 0.20703125
1 0.2431640625 0.3466796875 0.0625 0.15234375
1 0.2119140625 0.7900390625 0.060546875 0.150390625
12 0.09765625 0.21875 0.08203125 0.154296875
12 0.23046875 0.9404296875 0.0546875 0.119140625
3 0.5458984375 0.583984375 0.064453125 0.146484375
3 0.3916015625 0.875 0.05859375 0.14453125
4 0.30859375 0.8583984375 0.044921875 0.09375
4 0.3193359375 0.94921875 0.048828125 0.1015625
4 0.24609375 0.4638671875 0.0546875 0.109375
4 0.2646484375 0.5791015625 0.056640625 0.111328125
4 0.2978515625 0.7724609375 0.048828125 0.111328125
4 0.46484375 0.689453125 0.046875 0.115234375
4 0.3466796875 0.3447265625 0.05859375 0.12109375
4 0.3095703125 0.208984375 0.0625 0.126953125
12 0.8154296875 0.9453125 0.064453125 0.099609375
12 0.7392578125 0.2021484375 0.078125 0.146484375
8 0.8408203125 0.6162109375 0.087890625 0.21484375
11 0.830078125 0.708984375 0.083984375 0.185546875
7 0.849609375 0.4775390625 0.072265625 0.154296875
7 0.64453125 0.9453125 0.05859375 0.103515625
9 0.63671875 0.7998046875 0.064453125 0.146484375
9 0.8359375 0.3544921875 0.08203125 0.154296875
10 0.5244140625 0.2119140625 0.064453125 0.119140625
10 0.734375 0.455078125 0.0546875 0.109375
10 0.73046875 0.33984375 0.068359375 0.1171875
10 0.7255859375 0.5654296875 0.0546875 0.11328125
10 0.552734375 0.6875 0.05078125 0.10546875
10 0.5673828125 0.8623046875 0.048828125 0.103515625
10 0.7255859375 0.7724609375 0.05078125 0.111328125
10 0.728515625 0.9443359375 0.05078125 0.103515625