5 0.19140625 0.27734375 0.07421875 0.1611328125
2 0.1875 0.353515625 0.0771484375 0.197265625
1 0.2744140625 0.61328125 0.0576171875 0.14453125
1 0.22265625 0.1884765625 0.0556640625 0.1416015625
12 0.1416015625 0.7353515625 0.0771484375 0.14453125
12 0.23046875 0.05078125 0.0576171875 0.1005859375
3 0.5517578125 0.380859375 0.060546875 0.13671875
3 0.388671875 0.1044921875 0.05078125 0.13671875
4 0.3115234375 0.1201171875 0.041015625 0.0869140625
4 0.318359375 0.041015625 0.05078125 0.08203125
4 0.2724609375 0.5009765625 0.05078125 0.103515625
4 0.2822265625 0.3896484375 0.05078125 0.10546875
4 0.3037109375 0.2041015625 0.0458984375 0.10546875
4 0.4697265625 0.2822265625 0.041015625 0.1083984375
4 0.373046875 0.6142578125 0.052734375 0.11328125
4 0.34375 0.7412109375 0.0576171875 0.1181640625
12 0.791015625 0.0400390625 0.0576171875 0.0791015625
12 0.7548828125 0.7451171875 0.072265625 0.1396484375
8 0.8330078125 0.34765625 0.0791015625 0.2041015625
11 0.81640625 0.2587890625 0.0791015625 0.17578125
7 0.84765625 0.4794921875 0.0693359375 0.146484375
7 0.62890625 0.041015625 0.0556640625 0.08203125
9 0.62890625 0.1728515625 0.060546875 0.1396484375
9 0.841796875 0.595703125 0.0771484375 0.14453125
10 0.548828125 0.7392578125 0.060546875 0.11328125
10 0.7392578125 0.5009765625 0.05078125 0.103515625
10 0.7412109375 0.6103515625 0.060546875 0.1103515625
10 0.724609375 0.3974609375 0.05078125 0.1083984375
10 0.552734375 0.283203125 0.0478515625 0.1005859375
10 0.5576171875 0.1162109375 0.0478515625 0.0986328125
10 0.71484375 0.1982421875 0.0458984375 0.1083984375
10 0.708984375 0.0419921875 0.0478515625 0.083984375