8 0.177734375 0.615234375 0.11328125 0.228515625
12 0.2451171875 0.9375 0.083984375 0.125
7 0.228515625 0.8857421875 0.0859375 0.16796875
7 0.1328125 0.341796875 0.103515625 0.1640625
9 0.166015625 0.46484375 0.087890625 0.158203125
9 0.38671875 0.6796875 0.076171875 0.1484375
11 0.396484375 0.869140625 0.09765625 0.1953125
10 0.4775390625 0.9267578125 0.072265625 0.123046875
10 0.46484375 0.7548828125 0.0703125 0.119140625
10 0.3203125 0.8583984375 0.06640625 0.123046875
10 0.291015625 0.6748046875 0.072265625 0.123046875
10 0.279296875 0.568359375 0.080078125 0.125
10 0.2421875 0.3291015625 0.083984375 0.12890625
5 0.556640625 0.560546875 0.095703125 0.20703125
1 0.375 0.447265625 0.08984375 0.16796875
3 0.646484375 0.640625 0.087890625 0.162109375
3 0.6591796875 0.30078125 0.095703125 0.185546875
2 0.837890625 0.666015625 0.115234375 0.22265625
1 0.728515625 0.9013671875 0.076171875 0.154296875
6 0.814453125 0.892578125 0.08203125 0.142578125
6 0.8486328125 0.40234375 0.095703125 0.1640625
4 0.7568359375 0.1494140625 0.083984375 0.12890625
4 0.73828125 0.623046875 0.0703125 0.119140625
4 0.6416015625 0.814453125 0.068359375 0.123046875
4 0.5673828125 0.728515625 0.06640625 0.12109375
4 0.63671875 0.427734375 0.07421875 0.130859375
4 0.5556640625 0.294921875 0.07421875 0.13671875