8 0.1171875 0.498046875 0.119140625 0.234375
12 0.0966796875 0.1513671875 0.087890625 0.1484375
7 0.095703125 0.216796875 0.091796875 0.171875
7 0.14453125 0.7783203125 0.107421875 0.16796875
9 0.14453125 0.6474609375 0.091796875 0.162109375
9 0.3056640625 0.3798828125 0.08203125 0.15234375
11 0.265625 0.1884765625 0.1015625 0.19921875
10 0.3310546875 0.1103515625 0.07421875 0.126953125
10 0.36328125 0.283203125 0.07421875 0.123046875
10 0.1943359375 0.2197265625 0.0703125 0.126953125
10 0.212890625 0.4072265625 0.07421875 0.126953125
10 0.2294921875 0.5166015625 0.08203125 0.12890625
10 0.255859375 0.76171875 0.087890625 0.1328125
5 0.5048828125 0.4501953125 0.1015625 0.212890625
1 0.35546875 0.6103515625 0.09375 0.171875
3 0.5712890625 0.34765625 0.091796875 0.166015625
3 0.6748046875 0.6806640625 0.099609375 0.189453125
2 0.75390625 0.2724609375 0.12109375 0.2265625
1 0.583984375 0.07421875 0.08203125 0.1484375
6 0.6708984375 0.064453125 0.083984375 0.12890625
6 0.8359375 0.529296875 0.099609375 0.16796875
4 0.810546875 0.802734375 0.087890625 0.1328125
4 0.6669921875 0.341796875 0.07421875 0.123046875
4 0.521484375 0.1787109375 0.072265625 0.126953125
4 0.470703125 0.2822265625 0.0703125 0.123046875
4 0.619140625 0.560546875 0.078125 0.134765625
4 0.5732421875 0.7138671875 0.080078125 0.140625