8 0.8642578125 0.4248046875 0.109375 0.244140625
12 0.8544921875 0.078125 0.078125 0.11328125
7 0.861328125 0.12890625 0.083984375 0.17578125
7 0.8583984375 0.7255859375 0.1015625 0.173828125
9 0.849609375 0.5869140625 0.0859375 0.166015625
9 0.6552734375 0.3212890625 0.07421875 0.16015625
11 0.6806640625 0.1162109375 0.09375 0.208984375
10 0.603515625 0.0546875 0.06640625 0.1015625
10 0.5869140625 0.2255859375 0.068359375 0.126953125
10 0.759765625 0.1416015625 0.064453125 0.130859375
10 0.7568359375 0.341796875 0.068359375 0.12890625
10 0.7451171875 0.4580078125 0.076171875 0.130859375
10 0.7392578125 0.71875 0.083984375 0.13671875
5 0.4501953125 0.4169921875 0.08984375 0.220703125
1 0.6220703125 0.5712890625 0.0859375 0.17578125
3 0.3720703125 0.3154296875 0.0859375 0.173828125
3 0.2919921875 0.6767578125 0.091796875 0.1953125
2 0.1728515625 0.2568359375 0.111328125 0.234375
1 0.330078125 0.052734375 0.07421875 0.10546875
6 0.2373046875 0.046875 0.076171875 0.09375
6 0.1083984375 0.5361328125 0.09375 0.173828125
4 0.158203125 0.8203125 0.080078125 0.13671875
4 0.2685546875 0.3193359375 0.06640625 0.125
4 0.4091796875 0.1318359375 0.068359375 0.1328125
4 0.47265625 0.2353515625 0.064453125 0.130859375
4 0.3369140625 0.5439453125 0.072265625 0.13671875
4 0.400390625 0.69921875 0.072265625 0.142578125