8 0.84375 0.390625 0.0771484375 0.2041015625
12 0.8056640625 0.076171875 0.0576171875 0.126953125
7 0.814453125 0.1357421875 0.0625 0.1513671875
7 0.865234375 0.6513671875 0.0771484375 0.14453125
9 0.84375 0.53125 0.0625 0.1396484375
9 0.6552734375 0.3173828125 0.0556640625 0.134765625
11 0.658203125 0.1357421875 0.0673828125 0.17578125
10 0.587890625 0.0771484375 0.05078125 0.1103515625
10 0.5869140625 0.23828125 0.052734375 0.10546875
10 0.7294921875 0.15234375 0.05078125 0.1083984375
10 0.7431640625 0.326171875 0.052734375 0.1083984375
10 0.744140625 0.427734375 0.060546875 0.1103515625
10 0.7607421875 0.65234375 0.064453125 0.1181640625
5 0.4853515625 0.412109375 0.0625 0.185546875
1 0.6494140625 0.53125 0.0625 0.1494140625
3 0.41015625 0.3291015625 0.060546875 0.14453125
3 0.3701171875 0.6455078125 0.0673828125 0.166015625
2 0.23046875 0.291015625 0.08203125 0.197265625
1 0.349609375 0.0791015625 0.0556640625 0.1396484375
6 0.26953125 0.0830078125 0.0576171875 0.126953125
6 0.201171875 0.5361328125 0.0693359375 0.14453125
4 0.267578125 0.7802734375 0.060546875 0.11328125
4 0.3193359375 0.3388671875 0.052734375 0.10546875
4 0.423828125 0.169921875 0.05078125 0.11328125
4 0.490234375 0.25390625 0.0478515625 0.1083984375
4 0.3994140625 0.529296875 0.052734375 0.115234375
4 0.4677734375 0.6611328125 0.0556640625 0.1201171875