8 0.8349609375 0.427734375 0.083984375 0.2119140625
12 0.80859375 0.1025390625 0.064453125 0.1318359375
7 0.818359375 0.1630859375 0.064453125 0.154296875
7 0.845703125 0.6943359375 0.08203125 0.1494140625
9 0.8291015625 0.572265625 0.0673828125 0.14453125
9 0.64453125 0.3427734375 0.0576171875 0.13671875
11 0.65625 0.16015625 0.072265625 0.1806640625
10 0.5849609375 0.0947265625 0.0556640625 0.11328125
10 0.578125 0.2607421875 0.0556640625 0.1083984375
10 0.7275390625 0.1787109375 0.05078125 0.11328125
10 0.734375 0.357421875 0.0556640625 0.11328125
10 0.7333984375 0.4599609375 0.0625 0.11328125
10 0.740234375 0.693359375 0.0673828125 0.1181640625
5 0.4677734375 0.435546875 0.0693359375 0.1923828125
1 0.626953125 0.564453125 0.0673828125 0.154296875
3 0.3916015625 0.3486328125 0.0673828125 0.1494140625
3 0.3388671875 0.671875 0.072265625 0.1708984375
2 0.2119140625 0.3017578125 0.0869140625 0.2041015625
1 0.34375 0.08984375 0.0576171875 0.1416015625
6 0.259765625 0.0888671875 0.0625 0.1298828125
6 0.169921875 0.552734375 0.07421875 0.1494140625
4 0.228515625 0.8037109375 0.0673828125 0.1181640625
4 0.3017578125 0.3544921875 0.0556640625 0.1083984375
4 0.416015625 0.18359375 0.052734375 0.11328125
4 0.4775390625 0.2744140625 0.05078125 0.1103515625
4 0.375 0.552734375 0.0576171875 0.1201171875
4 0.4375 0.689453125 0.0576171875 0.125