8 0.853515625 0.3349609375 0.10546875 0.23828125
12 0.796875 0.029296875 0.07421875 0.05859375
7 0.8125 0.0673828125 0.078125 0.134765625
7 0.888671875 0.626953125 0.099609375 0.16796875
9 0.8603515625 0.494140625 0.083984375 0.162109375
9 0.638671875 0.2646484375 0.072265625 0.15625
11 0.63671875 0.08203125 0.08984375 0.1640625
10 0.5537109375 0.03125 0.064453125 0.0625
10 0.55859375 0.1806640625 0.068359375 0.12109375
10 0.7138671875 0.0771484375 0.0625 0.126953125
10 0.73828125 0.26953125 0.068359375 0.125
10 0.7421875 0.384765625 0.076171875 0.12890625
10 0.7724609375 0.6357421875 0.08203125 0.1328125
5 0.453125 0.384765625 0.0859375 0.21484375
1 0.640625 0.509765625 0.083984375 0.171875
3 0.3642578125 0.2978515625 0.083984375 0.169921875
3 0.3359375 0.65625 0.08984375 0.19140625
2 0.1640625 0.267578125 0.107421875 0.228515625
1 0.2900390625 0.056640625 0.0703125 0.08984375
6 0.1982421875 0.0595703125 0.072265625 0.083984375
6 0.1396484375 0.5458984375 0.091796875 0.169921875
4 0.2265625 0.8134765625 0.078125 0.1328125
4 0.2646484375 0.314453125 0.064453125 0.12109375
4 0.375 0.115234375 0.064453125 0.12890625
4 0.4501953125 0.2060546875 0.0625 0.126953125
4 0.361328125 0.5224609375 0.0703125 0.1328125
4 0.4443359375 0.6640625 0.0703125 0.138671875