8 0.8447265625 0.4443359375 0.1015625 0.22265625
12 0.833984375 0.107421875 0.072265625 0.138671875
7 0.8388671875 0.1728515625 0.080078125 0.166015625
7 0.8447265625 0.72265625 0.095703125 0.16015625
9 0.83203125 0.5927734375 0.078125 0.154296875
9 0.65234375 0.349609375 0.0703125 0.146484375
11 0.6728515625 0.158203125 0.087890625 0.19140625
10 0.603515625 0.08984375 0.064453125 0.12109375
10 0.587890625 0.259765625 0.064453125 0.1171875
10 0.74609375 0.1826171875 0.064453125 0.119140625
10 0.7451171875 0.3662109375 0.06640625 0.119140625
10 0.736328125 0.474609375 0.07421875 0.123046875
10 0.7333984375 0.7138671875 0.080078125 0.130859375
5 0.46484375 0.4345703125 0.083984375 0.201171875
1 0.626953125 0.5751953125 0.080078125 0.1640625
3 0.392578125 0.33984375 0.076171875 0.158203125
3 0.3212890625 0.669921875 0.0859375 0.181640625
2 0.2060546875 0.2822265625 0.10546875 0.21484375
1 0.3525390625 0.072265625 0.072265625 0.14453125
6 0.2666015625 0.0673828125 0.072265625 0.134765625
6 0.15234375 0.5390625 0.087890625 0.16015625
4 0.201171875 0.802734375 0.07421875 0.125
4 0.2958984375 0.3408203125 0.064453125 0.1171875
4 0.4228515625 0.171875 0.064453125 0.125
4 0.484375 0.267578125 0.060546875 0.119140625
4 0.3623046875 0.5498046875 0.06640625 0.126953125
4 0.4228515625 0.6953125 0.0703125 0.1328125