8 0.806640625 0.310546875 0.125 0.216796875
12 0.693359375 0.041015625 0.0859375 0.08203125
7 0.716796875 0.0751953125 0.09765625 0.150390625
7 0.890625 0.55859375 0.109375 0.158203125
9 0.8408203125 0.447265625 0.09375 0.150390625
9 0.6064453125 0.28515625 0.0859375 0.14453125
11 0.5654296875 0.1083984375 0.107421875 0.1875
10 0.4833984375 0.068359375 0.076171875 0.119140625
10 0.521484375 0.224609375 0.076171875 0.115234375
10 0.638671875 0.107421875 0.076171875 0.1171875
10 0.6943359375 0.2724609375 0.078125 0.1171875
10 0.7197265625 0.37109375 0.0859375 0.12109375
10 0.7900390625 0.5849609375 0.091796875 0.130859375
5 0.46484375 0.41796875 0.10546875 0.1953125
1 0.65234375 0.494140625 0.09765625 0.16015625
3 0.37109375 0.35546875 0.09375 0.154296875
3 0.4091796875 0.6728515625 0.10546875 0.177734375
2 0.1875 0.3623046875 0.126953125 0.2109375
1 0.251953125 0.1279296875 0.087890625 0.1484375
6 0.17578125 0.1513671875 0.0859375 0.13671875
6 0.21875 0.607421875 0.1015625 0.15625
4 0.3427734375 0.828125 0.0859375 0.125
4 0.2861328125 0.3876953125 0.076171875 0.115234375
4 0.3466796875 0.1982421875 0.076171875 0.123046875
4 0.4306640625 0.263671875 0.072265625 0.1171875
4 0.4091796875 0.552734375 0.078125 0.125
4 0.5078125 0.6640625 0.083984375 0.130859375