8 0.1455078125 0.3994140625 0.083984375 0.216796875
12 0.1767578125 0.068359375 0.064453125 0.1318359375
7 0.1669921875 0.130859375 0.064453125 0.15625
7 0.1318359375 0.671875 0.08203125 0.1513671875
9 0.1494140625 0.546875 0.0673828125 0.146484375
9 0.341796875 0.318359375 0.0576171875 0.1416015625
11 0.33203125 0.130859375 0.072265625 0.185546875
10 0.4052734375 0.0673828125 0.0556640625 0.115234375
10 0.41015625 0.2353515625 0.0556640625 0.1103515625
10 0.2587890625 0.1494140625 0.05078125 0.115234375
10 0.2490234375 0.330078125 0.0556640625 0.11328125
10 0.251953125 0.4375 0.0625 0.115234375
10 0.240234375 0.6728515625 0.0673828125 0.1201171875
5 0.521484375 0.41796875 0.0673828125 0.197265625
1 0.35546875 0.546875 0.0673828125 0.15625
3 0.5986328125 0.33203125 0.0673828125 0.154296875
3 0.6494140625 0.6630859375 0.072265625 0.1728515625
2 0.783203125 0.291015625 0.0869140625 0.20703125
1 0.65234375 0.07421875 0.060546875 0.134765625
6 0.73828125 0.0732421875 0.0625 0.126953125
6 0.8232421875 0.5478515625 0.07421875 0.154296875
4 0.7607421875 0.802734375 0.064453125 0.1201171875
4 0.6923828125 0.341796875 0.052734375 0.1103515625
4 0.5771484375 0.162109375 0.052734375 0.1181640625
4 0.513671875 0.251953125 0.05078125 0.115234375
4 0.615234375 0.541015625 0.0576171875 0.1201171875
4 0.5478515625 0.677734375 0.0576171875 0.125