6 0.236328125 0.9423828125 0.125 0.115234375
6 0.1455078125 0.1572265625 0.09375 0.140625
5 0.279296875 0.5166015625 0.123046875 0.2109375
2 0.169921875 0.4091796875 0.1484375 0.240234375
3 0.1982421875 0.6943359375 0.119140625 0.169921875
3 0.3681640625 0.4072265625 0.107421875 0.169921875
1 0.1611328125 0.2421875 0.1015625 0.16796875
1 0.4609375 0.3701171875 0.095703125 0.16796875
4 0.3544921875 0.9345703125 0.099609375 0.130859375
4 0.283203125 0.431640625 0.08203125 0.12890625
4 0.3515625 0.2158203125 0.08203125 0.134765625
4 0.400390625 0.0966796875 0.080078125 0.126953125
4 0.4482421875 0.29296875 0.080078125 0.12890625
4 0.4833984375 0.5029296875 0.08203125 0.12890625
4 0.4404296875 0.6318359375 0.0859375 0.138671875
4 0.541015625 0.751953125 0.095703125 0.150390625
8 0.87890625 0.345703125 0.14453125 0.23828125
9 0.646484375 0.3203125 0.10546875 0.171875
9 0.9267578125 0.501953125 0.1171875 0.169921875
12 0.79296875 0.8154296875 0.119140625 0.1796875
12 0.740234375 0.041015625 0.09375 0.08203125
7 0.7763671875 0.0791015625 0.103515625 0.158203125
7 0.9638671875 0.6279296875 0.072265625 0.173828125
11 0.6982421875 0.1748046875 0.126953125 0.20703125
10 0.68359375 0.115234375 0.080078125 0.12890625
10 0.75 0.2998046875 0.080078125 0.126953125
10 0.5009765625 0.064453125 0.08203125 0.12890625
10 0.55078125 0.24609375 0.0859375 0.13671875
10 0.783203125 0.412109375 0.0859375 0.130859375
10 0.869140625 0.6650390625 0.095703125 0.140625
10 0.6845703125 0.85546875 0.09765625 0.146484375
10 0.6328125 0.5966796875 0.08984375 0.138671875