6 0.0712890625 0.8720703125 0.0859375 0.15234375
6 0.23046875 0.080078125 0.064453125 0.123046875
5 0.25 0.4541015625 0.078125 0.193359375
2 0.1787109375 0.3251953125 0.09375 0.220703125
3 0.1201171875 0.6015625 0.0859375 0.150390625
3 0.3642578125 0.3759765625 0.0703125 0.15234375
1 0.2177734375 0.166015625 0.068359375 0.154296875
1 0.462890625 0.36328125 0.060546875 0.158203125
4 0.1923828125 0.876953125 0.072265625 0.12890625
4 0.2783203125 0.3779296875 0.0546875 0.1171875
4 0.4072265625 0.189453125 0.0546875 0.123046875
4 0.4873046875 0.0908203125 0.052734375 0.115234375
4 0.4736328125 0.287109375 0.052734375 0.1171875
4 0.4443359375 0.494140625 0.056640625 0.12109375
4 0.3642578125 0.6044921875 0.056640625 0.125
4 0.421875 0.744140625 0.0625 0.13671875
8 0.861328125 0.4482421875 0.08984375 0.220703125
9 0.6513671875 0.3662109375 0.072265625 0.154296875
9 0.8603515625 0.6103515625 0.080078125 0.15234375
12 0.638671875 0.87109375 0.080078125 0.16015625
12 0.8349609375 0.0947265625 0.060546875 0.13671875
7 0.8466796875 0.1650390625 0.064453125 0.162109375
7 0.8740234375 0.744140625 0.076171875 0.162109375
11 0.744140625 0.2412109375 0.08203125 0.189453125
10 0.748046875 0.1806640625 0.048828125 0.12109375
10 0.7548828125 0.373046875 0.0546875 0.1171875
10 0.5927734375 0.0869140625 0.0546875 0.1171875
10 0.5830078125 0.267578125 0.056640625 0.123046875
10 0.7529296875 0.48828125 0.060546875 0.119140625
10 0.7578125 0.7470703125 0.0625 0.126953125
10 0.525390625 0.880859375 0.068359375 0.130859375
10 0.5556640625 0.623046875 0.060546875 0.126953125