6 0.11328125 0.1611328125 0.0859375 0.15234375
6 0.24609375 0.94921875 0.064453125 0.095703125
5 0.2763671875 0.587890625 0.080078125 0.1953125
2 0.201171875 0.71484375 0.095703125 0.220703125
3 0.15234375 0.435546875 0.0859375 0.150390625
3 0.3896484375 0.6708984375 0.0703125 0.15234375
1 0.2353515625 0.8759765625 0.068359375 0.15625
1 0.4892578125 0.685546875 0.060546875 0.158203125
4 0.2353515625 0.1611328125 0.072265625 0.12890625
4 0.3037109375 0.666015625 0.0546875 0.119140625
4 0.42578125 0.859375 0.0546875 0.123046875
4 0.50390625 0.951171875 0.05078125 0.09765625
4 0.49609375 0.7626953125 0.052734375 0.119140625
4 0.474609375 0.5546875 0.056640625 0.12109375
4 0.3974609375 0.4404296875 0.056640625 0.126953125
4 0.4609375 0.302734375 0.0625 0.13671875
8 0.8916015625 0.6142578125 0.08984375 0.220703125
9 0.6787109375 0.6904296875 0.072265625 0.15625
9 0.896484375 0.4521484375 0.080078125 0.15234375
12 0.68359375 0.1826171875 0.080078125 0.162109375
12 0.853515625 0.9501953125 0.05859375 0.099609375
7 0.8671875 0.8994140625 0.064453125 0.1640625
7 0.9140625 0.318359375 0.076171875 0.1640625
11 0.7666015625 0.8193359375 0.08203125 0.189453125
10 0.767578125 0.87890625 0.048828125 0.12109375
10 0.7822265625 0.6865234375 0.0546875 0.119140625
10 0.609375 0.955078125 0.0546875 0.08984375
10 0.6064453125 0.7861328125 0.056640625 0.123046875
10 0.7841796875 0.5712890625 0.060546875 0.119140625
10 0.7978515625 0.3115234375 0.0625 0.126953125
10 0.5703125 0.1689453125 0.068359375 0.1328125
10 0.58984375 0.4287109375 0.060546875 0.126953125