6 0.8330078125 0.8369140625 0.083984375 0.14453125
6 0.7294921875 0.0771484375 0.060546875 0.1201171875
5 0.689453125 0.43359375 0.072265625 0.185546875
2 0.7646484375 0.3115234375 0.091796875 0.208984375
3 0.8037109375 0.5771484375 0.0791015625 0.14453125
3 0.583984375 0.3544921875 0.0673828125 0.146484375
1 0.7353515625 0.1572265625 0.0625 0.146484375
1 0.4912109375 0.341796875 0.0556640625 0.1494140625
4 0.7177734375 0.837890625 0.064453125 0.123046875
4 0.6669921875 0.357421875 0.05078125 0.11328125
4 0.556640625 0.1767578125 0.05078125 0.1181640625
4 0.484375 0.0791015625 0.05078125 0.1103515625
4 0.4853515625 0.267578125 0.0478515625 0.11328125
4 0.5009765625 0.4677734375 0.05078125 0.11328125
4 0.5693359375 0.57421875 0.052734375 0.1201171875
4 0.505859375 0.70703125 0.060546875 0.1298828125
8 0.10546875 0.4150390625 0.0869140625 0.208984375
9 0.3115234375 0.3388671875 0.064453125 0.1494140625
9 0.0986328125 0.5673828125 0.0771484375 0.14453125
12 0.291015625 0.822265625 0.0771484375 0.154296875
12 0.154296875 0.076171875 0.0576171875 0.1318359375
7 0.13671875 0.1416015625 0.0625 0.154296875
7 0.076171875 0.6962890625 0.0693359375 0.1513671875
11 0.23046875 0.2177734375 0.0771484375 0.1806640625
10 0.23046875 0.16015625 0.0478515625 0.11328125
10 0.212890625 0.34375 0.05078125 0.1103515625
10 0.3857421875 0.0732421875 0.05078125 0.11328125
10 0.3818359375 0.2490234375 0.052734375 0.1181640625
10 0.2080078125 0.453125 0.0556640625 0.11328125
10 0.1875 0.7021484375 0.0625 0.1201171875
10 0.3994140625 0.833984375 0.0625 0.125
10 0.38671875 0.5869140625 0.0576171875 0.1201171875