6 0.7939453125 0.8896484375 0.103515625 0.158203125
6 0.76953125 0.087890625 0.076171875 0.130859375
5 0.689453125 0.455078125 0.095703125 0.19921875
2 0.7802734375 0.3359375 0.1171875 0.228515625
3 0.7919921875 0.6162109375 0.09765625 0.158203125
3 0.587890625 0.361328125 0.0859375 0.16015625
1 0.7666015625 0.173828125 0.08203125 0.16015625
1 0.4931640625 0.3369140625 0.07421875 0.162109375
4 0.6728515625 0.87890625 0.080078125 0.134765625
4 0.673828125 0.373046875 0.064453125 0.123046875
4 0.578125 0.173828125 0.064453125 0.126953125
4 0.5146484375 0.064453125 0.064453125 0.119140625
4 0.4951171875 0.2607421875 0.0625 0.123046875
4 0.4892578125 0.4697265625 0.064453125 0.123046875
4 0.548828125 0.5888671875 0.068359375 0.130859375
4 0.4677734375 0.71875 0.076171875 0.140625
8 0.083984375 0.3720703125 0.11328125 0.2265625
9 0.306640625 0.3154296875 0.083984375 0.162109375
9 0.0595703125 0.529296875 0.095703125 0.158203125
12 0.232421875 0.8154296875 0.095703125 0.16796875
12 0.169921875 0.0478515625 0.07421875 0.095703125
7 0.146484375 0.091796875 0.08203125 0.16796875
7 0.033203125 0.66015625 0.06640625 0.1640625
11 0.2353515625 0.1806640625 0.099609375 0.1953125
10 0.2412109375 0.1201171875 0.0625 0.123046875
10 0.203125 0.3095703125 0.064453125 0.119140625
10 0.4111328125 0.0537109375 0.064453125 0.107421875
10 0.388671875 0.2294921875 0.068359375 0.12890625
10 0.1865234375 0.4228515625 0.0703125 0.123046875
10 0.1376953125 0.6787109375 0.078125 0.1328125
10 0.34375 0.83984375 0.078125 0.13671875
10 0.3583984375 0.5810546875 0.07421875 0.130859375