6 0.8681640625 0.8271484375 0.0771484375 0.1396484375
6 0.7333984375 0.0927734375 0.0576171875 0.11328125
5 0.7099609375 0.4375 0.0693359375 0.177734375
2 0.77734375 0.3193359375 0.083984375 0.2021484375
3 0.8271484375 0.576171875 0.0771484375 0.13671875
3 0.60546875 0.36328125 0.0625 0.1396484375
1 0.744140625 0.171875 0.060546875 0.1416015625
1 0.5146484375 0.3505859375 0.052734375 0.14453125
4 0.755859375 0.828125 0.064453125 0.1181640625
4 0.685546875 0.3662109375 0.0478515625 0.1083984375
4 0.5693359375 0.19140625 0.0478515625 0.11328125
4 0.49609375 0.0986328125 0.0458984375 0.10546875
4 0.505859375 0.2802734375 0.0458984375 0.1083984375
4 0.5302734375 0.470703125 0.05078125 0.1103515625
4 0.6025390625 0.57421875 0.05078125 0.115234375
4 0.546875 0.7021484375 0.0556640625 0.125
8 0.1455078125 0.4228515625 0.0791015625 0.2021484375
9 0.33984375 0.349609375 0.064453125 0.1416015625
9 0.14453125 0.572265625 0.072265625 0.1396484375
12 0.34375 0.81640625 0.072265625 0.146484375
12 0.17578125 0.095703125 0.052734375 0.125
7 0.1630859375 0.1611328125 0.0576171875 0.1494140625
7 0.1298828125 0.6943359375 0.0673828125 0.1494140625
11 0.2568359375 0.2333984375 0.072265625 0.1728515625
10 0.2548828125 0.177734375 0.04296875 0.1103515625
10 0.2451171875 0.3544921875 0.0478515625 0.1083984375
10 0.3994140625 0.0927734375 0.0478515625 0.1083984375
10 0.4052734375 0.2607421875 0.05078125 0.11328125
10 0.2451171875 0.4599609375 0.052734375 0.1083984375
10 0.236328125 0.69921875 0.0556640625 0.115234375
10 0.4482421875 0.8271484375 0.060546875 0.1201171875
10 0.42578125 0.5888671875 0.052734375 0.115234375