2 0.2353515625 0.3017578125 0.0869140625 0.21875
6 0.431640625 0.09375 0.060546875 0.134765625
1 0.4931640625 0.240234375 0.072265625 0.158203125
4 0.3232421875 0.3486328125 0.0556640625 0.115234375
4 0.3974609375 0.546875 0.060546875 0.123046875
4 0.462890625 0.6708984375 0.060546875 0.1298828125
4 0.583984375 0.1923828125 0.0576171875 0.1201171875
3 0.65625 0.44921875 0.072265625 0.154296875
3 0.7646484375 0.6513671875 0.0771484375 0.1630859375
9 0.7763671875 0.7978515625 0.0771484375 0.154296875
12 0.8037109375 0.1044921875 0.064453125 0.1318359375
11 0.65625 0.16015625 0.0673828125 0.1806640625
8 0.8388671875 0.3212890625 0.0869140625 0.2041015625
7 0.56640625 0.4365234375 0.064453125 0.1611328125
10 0.654296875 0.337890625 0.052734375 0.11328125
10 0.7255859375 0.1806640625 0.0576171875 0.1103515625
10 0.744140625 0.349609375 0.060546875 0.123046875
10 0.65234375 0.5732421875 0.0693359375 0.126953125