2 0.2490234375 0.7421875 0.14453125 0.259765625
6 0.513671875 0.9267578125 0.09375 0.146484375
1 0.55078125 0.7568359375 0.111328125 0.189453125
4 0.3349609375 0.6708984375 0.087890625 0.140625
4 0.37890625 0.431640625 0.09375 0.150390625
4 0.42578125 0.28125 0.095703125 0.158203125
4 0.6630859375 0.7939453125 0.091796875 0.146484375
3 0.6884765625 0.490234375 0.115234375 0.1875
3 0.7646484375 0.2412109375 0.119140625 0.1953125
9 0.74609375 0.0849609375 0.12109375 0.169921875
12 0.9306640625 0.8447265625 0.099609375 0.158203125
11 0.75 0.8154296875 0.11328125 0.21484375
8 0.9208984375 0.599609375 0.140625 0.248046875
7 0.5908203125 0.5224609375 0.10546875 0.19140625
10 0.7109375 0.61328125 0.083984375 0.138671875
10 0.8251953125 0.7783203125 0.08984375 0.13671875
10 0.806640625 0.5859375 0.09375 0.146484375
10 0.658203125 0.3515625 0.10546875 0.15625