2 0.275390625 0.736328125 0.15234375 0.259765625
6 0.5419921875 0.908203125 0.099609375 0.16015625
1 0.5693359375 0.7333984375 0.12109375 0.19140625
4 0.357421875 0.662109375 0.08984375 0.138671875
4 0.384765625 0.427734375 0.09765625 0.1484375
4 0.4208984375 0.27734375 0.099609375 0.15625
4 0.6806640625 0.7607421875 0.095703125 0.14453125
3 0.689453125 0.4638671875 0.119140625 0.185546875
3 0.751953125 0.216796875 0.126953125 0.197265625
9 0.724609375 0.07421875 0.125 0.1484375
12 0.9423828125 0.7958984375 0.10546875 0.16015625
11 0.767578125 0.7763671875 0.12109375 0.212890625
8 0.9208984375 0.552734375 0.1484375 0.244140625
7 0.5947265625 0.501953125 0.11328125 0.19140625
10 0.716796875 0.5849609375 0.087890625 0.13671875
10 0.837890625 0.736328125 0.091796875 0.134765625
10 0.810546875 0.5478515625 0.09765625 0.1484375
10 0.65234375 0.3310546875 0.109375 0.15625