2 0.1728515625 0.3369140625 0.099609375 0.244140625
6 0.3857421875 0.1025390625 0.068359375 0.150390625
1 0.4560546875 0.2646484375 0.083984375 0.177734375
4 0.2705078125 0.38671875 0.064453125 0.12890625
4 0.357421875 0.60546875 0.068359375 0.13671875
4 0.4306640625 0.740234375 0.068359375 0.14453125
4 0.556640625 0.208984375 0.06640625 0.134765625
3 0.640625 0.4921875 0.083984375 0.171875
3 0.7646484375 0.712890625 0.087890625 0.181640625
9 0.78125 0.875 0.087890625 0.171875
12 0.7978515625 0.1083984375 0.07421875 0.1484375
11 0.634765625 0.171875 0.078125 0.201171875
8 0.83984375 0.3466796875 0.099609375 0.2265625
7 0.541015625 0.4794921875 0.076171875 0.1796875
10 0.63671875 0.369140625 0.060546875 0.126953125
10 0.712890625 0.193359375 0.06640625 0.123046875
10 0.736328125 0.380859375 0.068359375 0.13671875
10 0.638671875 0.6298828125 0.080078125 0.142578125