2 0.1279296875 0.369140625 0.138671875 0.26953125
6 0.3251953125 0.0947265625 0.087890625 0.15625
1 0.4208984375 0.251953125 0.107421875 0.1953125
4 0.2373046875 0.408203125 0.083984375 0.146484375
4 0.3623046875 0.6298828125 0.091796875 0.154296875
4 0.4580078125 0.7626953125 0.091796875 0.162109375
4 0.5185546875 0.1767578125 0.087890625 0.150390625
3 0.646484375 0.4677734375 0.111328125 0.193359375
3 0.806640625 0.6865234375 0.115234375 0.201171875
9 0.8447265625 0.85546875 0.1171875 0.193359375
12 0.763671875 0.05859375 0.09765625 0.1171875
11 0.59765625 0.125 0.107421875 0.220703125
8 0.8388671875 0.28125 0.13671875 0.255859375
7 0.5400390625 0.46875 0.1015625 0.197265625
10 0.626953125 0.3388671875 0.08203125 0.142578125
10 0.68359375 0.1376953125 0.0859375 0.140625
10 0.732421875 0.333984375 0.08984375 0.150390625
10 0.6640625 0.615234375 0.1015625 0.16015625