2 0.2080078125 0.3115234375 0.09375 0.2333984375
6 0.4208984375 0.083984375 0.0625 0.14453125
1 0.486328125 0.2431640625 0.07421875 0.16796875
4 0.3017578125 0.3603515625 0.060546875 0.125
4 0.3857421875 0.576171875 0.064453125 0.1318359375
4 0.455078125 0.70703125 0.064453125 0.1396484375
4 0.583984375 0.1875 0.0625 0.1298828125
3 0.662109375 0.46484375 0.0791015625 0.166015625
3 0.779296875 0.6826171875 0.08203125 0.1728515625
9 0.7919921875 0.83984375 0.083984375 0.166015625
12 0.8232421875 0.091796875 0.0693359375 0.1396484375
11 0.6611328125 0.1513671875 0.072265625 0.1923828125
8 0.859375 0.322265625 0.09375 0.220703125
7 0.56640625 0.453125 0.0693359375 0.1708984375
10 0.6611328125 0.34765625 0.0576171875 0.123046875
10 0.73828125 0.1728515625 0.0625 0.1201171875
10 0.755859375 0.35546875 0.064453125 0.1298828125
10 0.66015625 0.599609375 0.07421875 0.13671875