3 0.3818359375 0.095703125 0.072265625 0.14453125
3 0.5595703125 0.375 0.07421875 0.16015625
1 0.2734375 0.6396484375 0.083984375 0.154296875
1 0.19921875 0.2041015625 0.076171875 0.154296875
2 0.171875 0.3701171875 0.1015625 0.23046875
6 0.1376953125 0.77734375 0.095703125 0.169921875
6 0.3828125 0.0439453125 0.064453125 0.078125
5 0.3798828125 0.275390625 0.080078125 0.189453125
4 0.30078125 0.11328125 0.060546875 0.109375
4 0.2919921875 0.2109375 0.060546875 0.1171875
4 0.2705078125 0.5185546875 0.0703125 0.115234375
4 0.2744140625 0.400390625 0.0625 0.1171875
4 0.376953125 0.6357421875 0.072265625 0.130859375
4 0.353515625 0.775390625 0.068359375 0.130859375
4 0.458984375 0.0361328125 0.0546875 0.072265625
4 0.4755859375 0.2802734375 0.056640625 0.111328125
7 0.6337890625 0.029296875 0.068359375 0.05859375
8 0.8583984375 0.330078125 0.1015625 0.224609375
7 0.8798828125 0.46484375 0.08203125 0.154296875
11 0.8369140625 0.234375 0.09765625 0.201171875
12 0.787109375 0.755859375 0.087890625 0.1640625
12 0.8017578125 0.025390625 0.072265625 0.05078125
9 0.87890625 0.5888671875 0.09375 0.166015625
9 0.6376953125 0.154296875 0.068359375 0.1484375
10 0.5625 0.275390625 0.064453125 0.119140625
10 0.5615234375 0.0947265625 0.06640625 0.123046875
10 0.71875 0.0263671875 0.0546875 0.052734375
10 0.7294921875 0.177734375 0.060546875 0.1171875
10 0.7470703125 0.384765625 0.0625 0.115234375
10 0.7626953125 0.5009765625 0.06640625 0.111328125
10 0.76953125 0.6123046875 0.068359375 0.123046875
10 0.572265625 0.7529296875 0.068359375 0.123046875