3 0.453125 0.880859375 0.072265625 0.13671875
3 0.59375 0.599609375 0.07421875 0.15234375
1 0.298828125 0.390625 0.083984375 0.14453125
1 0.2724609375 0.8056640625 0.0703125 0.14453125
2 0.23046875 0.654296875 0.1015625 0.212890625
6 0.1591796875 0.2822265625 0.09375 0.158203125
6 0.458984375 0.9443359375 0.06640625 0.111328125
5 0.43359375 0.716796875 0.08203125 0.1796875
4 0.3779296875 0.876953125 0.056640625 0.1015625
4 0.359375 0.787109375 0.060546875 0.109375
4 0.30859375 0.50390625 0.06640625 0.107421875
4 0.32421875 0.6123046875 0.060546875 0.109375
4 0.396484375 0.37890625 0.068359375 0.12109375
4 0.361328125 0.2529296875 0.06640625 0.12109375
4 0.533203125 0.9443359375 0.0546875 0.103515625
4 0.521484375 0.69921875 0.0546875 0.103515625
7 0.6962890625 0.935546875 0.06640625 0.1015625
8 0.873046875 0.6015625 0.099609375 0.208984375
7 0.8818359375 0.4755859375 0.080078125 0.14453125
11 0.861328125 0.6923828125 0.09375 0.1875
12 0.7646484375 0.216796875 0.087890625 0.150390625
12 0.8544921875 0.9208984375 0.0703125 0.10546875
9 0.8671875 0.361328125 0.091796875 0.15625
9 0.685546875 0.7939453125 0.0703125 0.142578125
10 0.6044921875 0.69140625 0.060546875 0.109375
10 0.623046875 0.859375 0.0625 0.115234375
10 0.775390625 0.927734375 0.060546875 0.103515625
10 0.7685546875 0.76171875 0.05859375 0.111328125
10 0.765625 0.5654296875 0.064453125 0.107421875
10 0.767578125 0.4560546875 0.064453125 0.10546875
10 0.763671875 0.3525390625 0.06640625 0.115234375
10 0.56640625 0.2470703125 0.068359375 0.115234375