3 0.62109375 0.123046875 0.076171875 0.140625
3 0.4267578125 0.3759765625 0.078125 0.15625
1 0.6796875 0.6435546875 0.0859375 0.1484375
1 0.787109375 0.232421875 0.07421875 0.1484375
2 0.7998046875 0.3935546875 0.10546875 0.216796875
6 0.798828125 0.7802734375 0.09765625 0.162109375
6 0.6279296875 0.060546875 0.068359375 0.10546875
5 0.6083984375 0.291015625 0.0859375 0.18359375
4 0.6962890625 0.140625 0.060546875 0.103515625
4 0.697265625 0.2353515625 0.064453125 0.11328125
4 0.693359375 0.5283203125 0.0703125 0.111328125
4 0.6982421875 0.4169921875 0.064453125 0.11328125
4 0.5810546875 0.63671875 0.072265625 0.125
4 0.591796875 0.7685546875 0.0703125 0.125
4 0.552734375 0.048828125 0.05859375 0.095703125
4 0.517578125 0.2919921875 0.05859375 0.107421875
7 0.3876953125 0.0361328125 0.068359375 0.072265625
8 0.146484375 0.3203125 0.10546875 0.21484375
7 0.1142578125 0.4453125 0.083984375 0.1484375
11 0.1767578125 0.232421875 0.099609375 0.19140625
12 0.1806640625 0.7265625 0.091796875 0.154296875
12 0.2275390625 0.029296875 0.072265625 0.05859375
9 0.1064453125 0.5625 0.095703125 0.16015625
9 0.3720703125 0.1640625 0.07421875 0.14453125
10 0.43359375 0.283203125 0.064453125 0.11328125
10 0.447265625 0.111328125 0.06640625 0.1171875
10 0.306640625 0.0341796875 0.0625 0.068359375
10 0.2822265625 0.1806640625 0.060546875 0.115234375
10 0.248046875 0.3779296875 0.068359375 0.111328125
10 0.2236328125 0.4873046875 0.068359375 0.107421875
10 0.2080078125 0.5908203125 0.068359375 0.1171875
10 0.384765625 0.7353515625 0.0703125 0.1171875