3 0.5390625 0.9287109375 0.09765625 0.142578125
3 0.6181640625 0.6083984375 0.103515625 0.169921875
1 0.255859375 0.4501953125 0.11328125 0.16796875
1 0.328125 0.892578125 0.10546875 0.166015625
2 0.24609375 0.7421875 0.14453125 0.244140625
6 0.0791015625 0.3623046875 0.126953125 0.18359375
6 0.5537109375 0.970703125 0.072265625 0.05859375
5 0.4775390625 0.7646484375 0.11328125 0.19921875
4 0.4560546875 0.943359375 0.080078125 0.11328125
4 0.4140625 0.85546875 0.08203125 0.125
4 0.2919921875 0.56640625 0.091796875 0.126953125
4 0.3349609375 0.6796875 0.083984375 0.125
4 0.3564453125 0.4189453125 0.095703125 0.140625
4 0.287109375 0.2919921875 0.09375 0.140625
4 0.6298828125 0.9580078125 0.0625 0.060546875
4 0.568359375 0.728515625 0.078125 0.119140625
7 0.802734375 0.9111328125 0.07421875 0.064453125
8 0.919921875 0.5537109375 0.142578125 0.23828125
7 0.896484375 0.4169921875 0.109375 0.166015625
11 0.9296875 0.6513671875 0.134765625 0.21484375
12 0.7099609375 0.16796875 0.1171875 0.17578125
12 0.962890625 0.865234375 0.07421875 0.06640625
9 0.853515625 0.2978515625 0.123046875 0.1796875
9 0.7646484375 0.794921875 0.095703125 0.158203125
10 0.6533203125 0.703125 0.0859375 0.12890625
10 0.712890625 0.87890625 0.08984375 0.1328125
10 0.88671875 0.888671875 0.0625 0.060546875
10 0.845703125 0.7431640625 0.08203125 0.125
10 0.794921875 0.5380859375 0.083984375 0.125
10 0.7705078125 0.419921875 0.0859375 0.12109375
10 0.7412109375 0.3125 0.08984375 0.1328125
10 0.5048828125 0.2412109375 0.08984375 0.1328125