3 0.408203125 0.140625 0.0576171875 0.126953125
3 0.552734375 0.4052734375 0.0576171875 0.1416015625
1 0.2763671875 0.6259765625 0.0673828125 0.13671875
1 0.236328125 0.2275390625 0.060546875 0.13671875
2 0.201171875 0.3759765625 0.0791015625 0.2041015625
6 0.14453125 0.7431640625 0.0771484375 0.1494140625
6 0.4130859375 0.0693359375 0.052734375 0.115234375
5 0.3955078125 0.302734375 0.060546875 0.16796875
4 0.333984375 0.1513671875 0.0478515625 0.095703125
4 0.3193359375 0.2392578125 0.0478515625 0.103515625
4 0.28125 0.5166015625 0.0576171875 0.1005859375
4 0.2919921875 0.41015625 0.05078125 0.103515625
4 0.3701171875 0.6298828125 0.0576171875 0.115234375
4 0.33984375 0.7548828125 0.0556640625 0.115234375
4 0.482421875 0.07421875 0.0458984375 0.095703125
4 0.482421875 0.3134765625 0.0458984375 0.0986328125
7 0.6416015625 0.06640625 0.0576171875 0.11328125
8 0.826171875 0.3837890625 0.0791015625 0.19921875
7 0.837890625 0.505859375 0.064453125 0.13671875
11 0.8125 0.2958984375 0.0771484375 0.177734375
12 0.734375 0.7646484375 0.0693359375 0.14453125
12 0.7958984375 0.0693359375 0.0625 0.1103515625
9 0.828125 0.619140625 0.07421875 0.146484375
9 0.63671875 0.2099609375 0.052734375 0.1318359375
10 0.5615234375 0.314453125 0.05078125 0.10546875
10 0.572265625 0.150390625 0.052734375 0.1083984375
10 0.7197265625 0.068359375 0.0458984375 0.1083984375
10 0.71875 0.236328125 0.0478515625 0.103515625
10 0.72265625 0.42578125 0.05078125 0.1005859375
10 0.728515625 0.5322265625 0.052734375 0.0986328125
10 0.7275390625 0.6337890625 0.0556640625 0.1083984375
10 0.5400390625 0.7490234375 0.0556640625 0.1083984375