3 0.580078125 0.1298828125 0.060546875 0.1298828125
3 0.419921875 0.3916015625 0.060546875 0.14453125
1 0.6884765625 0.62109375 0.0693359375 0.13671875
1 0.75 0.2177734375 0.0576171875 0.13671875
2 0.779296875 0.3701171875 0.08203125 0.2021484375
6 0.81640625 0.740234375 0.0791015625 0.1494140625
6 0.5791015625 0.05859375 0.056640625 0.1171875
5 0.5849609375 0.2919921875 0.064453125 0.1708984375
4 0.654296875 0.1396484375 0.0478515625 0.095703125
4 0.6650390625 0.2294921875 0.05078125 0.103515625
4 0.689453125 0.509765625 0.0576171875 0.1005859375
4 0.68359375 0.40234375 0.05078125 0.103515625
4 0.59375 0.625 0.0576171875 0.115234375
4 0.6162109375 0.75 0.0556640625 0.115234375
4 0.5087890625 0.0615234375 0.0458984375 0.0986328125
4 0.4990234375 0.3017578125 0.0458984375 0.0986328125
7 0.3486328125 0.0517578125 0.0576171875 0.103515625
8 0.146484375 0.3662109375 0.08203125 0.19921875
7 0.126953125 0.4892578125 0.0673828125 0.13671875
11 0.166015625 0.279296875 0.0771484375 0.177734375
12 0.2197265625 0.7509765625 0.07421875 0.1416015625
12 0.193359375 0.052734375 0.060546875 0.10546875
9 0.1318359375 0.6025390625 0.0771484375 0.146484375
9 0.345703125 0.1943359375 0.0576171875 0.134765625
10 0.4169921875 0.3017578125 0.05078125 0.103515625
10 0.4130859375 0.1357421875 0.052734375 0.1083984375
10 0.2705078125 0.052734375 0.05078125 0.10546875
10 0.26171875 0.21875 0.0478515625 0.10546875
10 0.2490234375 0.4111328125 0.0556640625 0.1005859375
10 0.236328125 0.517578125 0.0556640625 0.0986328125
10 0.232421875 0.619140625 0.0556640625 0.1083984375
10 0.416015625 0.7392578125 0.0576171875 0.1083984375