12 0.82421875 0.0869140625 0.0771484375 0.134765625
12 0.82421875 0.0869140625 0.0771484375 0.134765625
8 0.869140625 0.421875 0.0986328125 0.23828125
11 0.6708984375 0.1474609375 0.0771484375 0.1943359375
7 0.841796875 0.1552734375 0.0673828125 0.15625
7 0.6669921875 0.4443359375 0.07421875 0.158203125
9 0.80859375 0.8232421875 0.09375 0.1806640625
10 0.748046875 0.1708984375 0.052734375 0.1298828125
10 0.767578125 0.353515625 0.060546875 0.115234375
10 0.7724609375 0.455078125 0.064453125 0.126953125
10 0.671875 0.587890625 0.0693359375 0.126953125
2 0.2255859375 0.3076171875 0.095703125 0.2255859375
3 0.58984375 0.81640625 0.083984375 0.1708984375
1 0.404296875 0.158203125 0.0576171875 0.1494140625
3 0.57421875 0.2509765625 0.072265625 0.146484375
6 0.4287109375 0.078125 0.060546875 0.13671875
6 0.5048828125 0.162109375 0.0673828125 0.1416015625
4 0.595703125 0.1826171875 0.052734375 0.115234375
4 0.26953125 0.8125 0.072265625 0.125
4 0.3193359375 0.353515625 0.0576171875 0.115234375
4 0.4072265625 0.560546875 0.060546875 0.1201171875
4 0.4775390625 0.6923828125 0.064453125 0.125