12 0.12890625 0.8935546875 0.08984375 0.146484375
12 0.12890625 0.8935546875 0.08984375 0.146484375
8 0.1240234375 0.541015625 0.125 0.2578125
11 0.296875 0.8525390625 0.099609375 0.2109375
7 0.1181640625 0.8232421875 0.0859375 0.173828125
7 0.3388671875 0.5439453125 0.09375 0.17578125
9 0.2373046875 0.130859375 0.115234375 0.197265625
10 0.2177734375 0.8193359375 0.068359375 0.138671875
10 0.220703125 0.626953125 0.07421875 0.12890625
10 0.2294921875 0.5185546875 0.076171875 0.140625
10 0.3525390625 0.39453125 0.083984375 0.140625
2 0.779296875 0.7412109375 0.12109375 0.248046875
3 0.4658203125 0.166015625 0.103515625 0.189453125
1 0.576171875 0.8759765625 0.07421875 0.162109375
3 0.41015625 0.7568359375 0.08984375 0.1640625
6 0.537109375 0.94140625 0.07421875 0.1171875
6 0.4697265625 0.859375 0.083984375 0.15625
4 0.3798828125 0.8251953125 0.064453125 0.126953125
4 0.798828125 0.2109375 0.0859375 0.140625
4 0.6884765625 0.6826171875 0.0703125 0.125
4 0.62109375 0.4560546875 0.07421875 0.1328125
4 0.56640625 0.310546875 0.078125 0.140625