12 0.8037109375 0.107421875 0.0693359375 0.1318359375
12 0.8037109375 0.107421875 0.0693359375 0.1318359375
8 0.841796875 0.431640625 0.091796875 0.228515625
11 0.654296875 0.1630859375 0.072265625 0.1875
7 0.8193359375 0.1728515625 0.0625 0.154296875
7 0.6455078125 0.44921875 0.0693359375 0.154296875
9 0.77734375 0.8173828125 0.0888671875 0.1728515625
10 0.7294921875 0.1865234375 0.05078125 0.123046875
10 0.7451171875 0.361328125 0.0576171875 0.11328125
10 0.748046875 0.4619140625 0.0576171875 0.125
10 0.6474609375 0.587890625 0.064453125 0.123046875
2 0.224609375 0.3115234375 0.0888671875 0.21875
3 0.56640625 0.806640625 0.0791015625 0.166015625
1 0.396484375 0.16796875 0.052734375 0.14453125
3 0.560546875 0.26171875 0.0673828125 0.14453125
6 0.42578125 0.091796875 0.0576171875 0.1298828125
6 0.4951171875 0.173828125 0.0625 0.13671875
4 0.58203125 0.1962890625 0.0478515625 0.11328125
4 0.2568359375 0.796875 0.0673828125 0.123046875
4 0.3125 0.35546875 0.052734375 0.1103515625
4 0.3955078125 0.556640625 0.0556640625 0.1181640625
4 0.4599609375 0.68359375 0.060546875 0.123046875