12 0.814453125 0.056640625 0.08984375 0.11328125
12 0.814453125 0.056640625 0.08984375 0.11328125
8 0.884765625 0.384765625 0.119140625 0.251953125
11 0.66015625 0.1162109375 0.09375 0.20703125
7 0.8369140625 0.111328125 0.080078125 0.166015625
7 0.677734375 0.4228515625 0.087890625 0.169921875
9 0.8525390625 0.8037109375 0.109375 0.193359375
10 0.7412109375 0.1337890625 0.064453125 0.138671875
10 0.775390625 0.3212890625 0.0703125 0.123046875
10 0.787109375 0.42578125 0.076171875 0.13671875
10 0.6923828125 0.5693359375 0.08203125 0.13671875
2 0.212890625 0.3134765625 0.115234375 0.240234375
3 0.6259765625 0.8115234375 0.099609375 0.181640625
1 0.384765625 0.146484375 0.0703125 0.158203125
3 0.568359375 0.2294921875 0.083984375 0.15625
6 0.40625 0.0693359375 0.0703125 0.130859375
6 0.4892578125 0.142578125 0.080078125 0.150390625
4 0.5859375 0.1572265625 0.0625 0.123046875
4 0.2939453125 0.83203125 0.083984375 0.1328125
4 0.3125 0.353515625 0.068359375 0.123046875
4 0.41796875 0.560546875 0.0703125 0.12890625
4 0.5 0.69140625 0.076171875 0.1328125