12 0.892578125 0.0888671875 0.08984375 0.130859375
12 0.892578125 0.0888671875 0.08984375 0.130859375
8 0.916015625 0.4404296875 0.123046875 0.259765625
11 0.7265625 0.1337890625 0.095703125 0.212890625
7 0.9072265625 0.154296875 0.083984375 0.171875
7 0.7001953125 0.44921875 0.08984375 0.173828125
9 0.8232421875 0.86328125 0.11328125 0.19921875
10 0.806640625 0.1640625 0.06640625 0.142578125
10 0.814453125 0.3603515625 0.072265625 0.126953125
10 0.8115234375 0.46875 0.078125 0.140625
10 0.6943359375 0.6025390625 0.083984375 0.140625
2 0.2412109375 0.271484375 0.119140625 0.248046875
3 0.5908203125 0.8388671875 0.1015625 0.1875
1 0.44140625 0.1259765625 0.072265625 0.162109375
3 0.6162109375 0.2373046875 0.087890625 0.162109375
6 0.4736328125 0.0576171875 0.072265625 0.115234375
6 0.548828125 0.1376953125 0.08203125 0.15625
4 0.6435546875 0.1650390625 0.064453125 0.126953125
4 0.2490234375 0.8115234375 0.0859375 0.138671875
4 0.3369140625 0.3271484375 0.0703125 0.126953125
4 0.4150390625 0.552734375 0.072265625 0.1328125
4 0.4794921875 0.69921875 0.078125 0.138671875