12 0.2841796875 0.9404296875 0.095703125 0.119140625
12 0.2841796875 0.9404296875 0.095703125 0.119140625
8 0.177734375 0.6396484375 0.138671875 0.24609375
11 0.4208984375 0.8662109375 0.111328125 0.201171875
7 0.25390625 0.8916015625 0.09375 0.166015625
7 0.3681640625 0.580078125 0.1015625 0.16796875
9 0.16015625 0.2431640625 0.125 0.19140625
10 0.3408203125 0.859375 0.076171875 0.1328125
10 0.2880859375 0.6884765625 0.08203125 0.123046875
10 0.2646484375 0.58984375 0.083984375 0.13671875
10 0.3369140625 0.443359375 0.08984375 0.134765625
2 0.814453125 0.62890625 0.134765625 0.236328125
3 0.3720703125 0.2099609375 0.11328125 0.181640625
1 0.6748046875 0.8076171875 0.08203125 0.154296875
3 0.4931640625 0.748046875 0.09765625 0.158203125
6 0.6630859375 0.8896484375 0.083984375 0.140625
6 0.5751953125 0.8212890625 0.091796875 0.1484375
4 0.4853515625 0.818359375 0.072265625 0.12109375
4 0.6806640625 0.154296875 0.091796875 0.134765625
4 0.71875 0.603515625 0.076171875 0.12109375
4 0.59375 0.4208984375 0.080078125 0.12890625
4 0.5029296875 0.30859375 0.0859375 0.134765625