8 0.8486328125 0.330078125 0.0771484375 0.208984375
2 0.1962890625 0.345703125 0.083984375 0.2021484375
11 0.8291015625 0.23828125 0.072265625 0.1826171875
5 0.197265625 0.2705078125 0.08203125 0.17578125
9 0.8662109375 0.583984375 0.0791015625 0.14453125
3 0.5625 0.3642578125 0.0625 0.146484375
3 0.3974609375 0.0888671875 0.0556640625 0.14453125
7 0.869140625 0.46484375 0.064453125 0.1416015625
9 0.638671875 0.154296875 0.0556640625 0.14453125
12 0.77734375 0.736328125 0.0693359375 0.1416015625
7 0.8232421875 0.16015625 0.060546875 0.1416015625
1 0.2294921875 0.177734375 0.0556640625 0.1396484375
1 0.287109375 0.60546875 0.064453125 0.1396484375
1 0.15234375 0.7353515625 0.0791015625 0.134765625
1 0.2333984375 0.041015625 0.052734375 0.08203125
10 0.5693359375 0.736328125 0.0576171875 0.1181640625
4 0.384765625 0.60546875 0.0576171875 0.115234375
4 0.361328125 0.7392578125 0.0556640625 0.11328125
10 0.76171875 0.4931640625 0.0625 0.1103515625
12 0.802734375 0.0263671875 0.052734375 0.052734375
10 0.765625 0.6005859375 0.064453125 0.1103515625
10 0.74609375 0.37890625 0.064453125 0.1083984375
10 0.7197265625 0.03125 0.05078125 0.0625
10 0.728515625 0.181640625 0.052734375 0.1083984375
4 0.28515625 0.4931640625 0.0556640625 0.10546875
4 0.482421875 0.265625 0.05078125 0.1083984375
4 0.3076171875 0.1923828125 0.0478515625 0.10546875
10 0.5693359375 0.095703125 0.0478515625 0.10546875
10 0.740234375 0.2724609375 0.052734375 0.103515625
4 0.3173828125 0.107421875 0.0478515625 0.0986328125
4 0.3203125 0.033203125 0.046875 0.06640625
4 0.2900390625 0.3798828125 0.0556640625 0.115234375