8 0.931640625 0.421875 0.12109375 0.234375
2 0.24609375 0.2607421875 0.126953125 0.232421875
11 0.9375 0.3193359375 0.115234375 0.208984375
5 0.2705078125 0.181640625 0.1171875 0.201171875
9 0.8828125 0.689453125 0.111328125 0.171875
3 0.6259765625 0.37890625 0.091796875 0.1640625
3 0.5224609375 0.0634765625 0.080078125 0.126953125
7 0.916015625 0.56640625 0.09765625 0.166015625
9 0.7607421875 0.1806640625 0.0859375 0.1640625
12 0.7509765625 0.82421875 0.099609375 0.166015625
7 0.951171875 0.236328125 0.0859375 0.16015625
1 0.3271484375 0.095703125 0.08203125 0.16015625
1 0.2744140625 0.5546875 0.09375 0.162109375
1 0.099609375 0.654296875 0.111328125 0.162109375
10 0.533203125 0.767578125 0.083984375 0.134765625
4 0.375 0.5830078125 0.08203125 0.1328125
4 0.31640625 0.7158203125 0.080078125 0.1328125
10 0.7978515625 0.5673828125 0.08984375 0.130859375
12 0.9619140625 0.1064453125 0.0625 0.048828125
10 0.7734375 0.6796875 0.09375 0.1328125
10 0.810546875 0.4462890625 0.08984375 0.12890625
10 0.8740234375 0.0888671875 0.0546875 0.048828125
10 0.8466796875 0.2333984375 0.076171875 0.123046875
4 0.302734375 0.4375 0.08203125 0.125
4 0.56640625 0.25390625 0.076171875 0.123046875
4 0.40625 0.1318359375 0.0703125 0.123046875
10 0.7021484375 0.1015625 0.0703125 0.123046875
10 0.8330078125 0.3330078125 0.076171875 0.12109375
4 0.4384765625 0.05078125 0.068359375 0.1015625
4 0.45703125 0.0029296875 0.046875 0.005859375
4 0.337890625 0.3203125 0.080078125 0.1328125