8 0.173828125 0.3603515625 0.0693359375 0.197265625
2 0.794921875 0.3583984375 0.07421875 0.1923828125
11 0.1875 0.271484375 0.0673828125 0.1728515625
5 0.7880859375 0.28515625 0.072265625 0.166015625
9 0.1708984375 0.599609375 0.072265625 0.13671875
3 0.447265625 0.3837890625 0.0576171875 0.13671875
3 0.58984375 0.119140625 0.05078125 0.13671875
7 0.162109375 0.48828125 0.060546875 0.134765625
9 0.3642578125 0.1875 0.05078125 0.134765625
12 0.26171875 0.740234375 0.0625 0.134765625
7 0.189453125 0.1962890625 0.052734375 0.1318359375
1 0.75390625 0.1982421875 0.05078125 0.1318359375
1 0.7177734375 0.6044921875 0.060546875 0.1318359375
1 0.8544921875 0.724609375 0.07421875 0.126953125
1 0.7412109375 0.0517578125 0.05078125 0.103515625
10 0.458984375 0.7353515625 0.052734375 0.1103515625
4 0.62890625 0.607421875 0.0556640625 0.1083984375
4 0.65625 0.734375 0.052734375 0.1083984375
10 0.265625 0.51171875 0.060546875 0.10546875
12 0.203125 0.0478515625 0.05078125 0.095703125
10 0.2666015625 0.61328125 0.0625 0.10546875
10 0.275390625 0.40234375 0.060546875 0.103515625
10 0.28125 0.048828125 0.04296875 0.09765625
10 0.2802734375 0.2138671875 0.05078125 0.1005859375
4 0.716796875 0.4990234375 0.052734375 0.103515625
4 0.51953125 0.2880859375 0.0478515625 0.1005859375
4 0.6806640625 0.2138671875 0.04296875 0.1005859375
10 0.427734375 0.1298828125 0.04296875 0.1005859375
10 0.2763671875 0.3017578125 0.0478515625 0.0986328125
4 0.6669921875 0.1337890625 0.0458984375 0.09375
4 0.66015625 0.046875 0.041015625 0.09375
4 0.70703125 0.390625 0.0478515625 0.1083984375