8 0.8818359375 0.5712890625 0.111328125 0.21875
2 0.240234375 0.6982421875 0.1171875 0.21484375
11 0.88671875 0.666015625 0.10546875 0.193359375
5 0.2607421875 0.7724609375 0.107421875 0.185546875
9 0.837890625 0.322265625 0.1015625 0.15625
3 0.5947265625 0.6015625 0.087890625 0.154296875
3 0.5 0.9052734375 0.080078125 0.15234375
7 0.8681640625 0.4365234375 0.08984375 0.15234375
9 0.720703125 0.7880859375 0.080078125 0.150390625
12 0.7138671875 0.1943359375 0.091796875 0.15234375
7 0.8984375 0.7451171875 0.08203125 0.1484375
1 0.314453125 0.85546875 0.080078125 0.146484375
1 0.26953125 0.427734375 0.08984375 0.1484375
1 0.103515625 0.330078125 0.103515625 0.146484375
1 0.3544921875 0.9736328125 0.068359375 0.052734375
10 0.5107421875 0.2392578125 0.076171875 0.125
4 0.361328125 0.40625 0.080078125 0.123046875
4 0.306640625 0.2802734375 0.076171875 0.123046875
10 0.7578125 0.431640625 0.083984375 0.12109375
12 0.9140625 0.888671875 0.068359375 0.087890625
10 0.7353515625 0.328125 0.0859375 0.12109375
10 0.7685546875 0.546875 0.083984375 0.119140625
10 0.83203125 0.9033203125 0.060546875 0.087890625
10 0.8017578125 0.744140625 0.072265625 0.115234375
4 0.2919921875 0.5361328125 0.076171875 0.1171875
4 0.5390625 0.71484375 0.0703125 0.11328125
4 0.38671875 0.82421875 0.064453125 0.11328125
10 0.666015625 0.8603515625 0.064453125 0.11328125
10 0.7880859375 0.65234375 0.0703125 0.111328125
4 0.41796875 0.9052734375 0.06640625 0.10546875
4 0.4384765625 0.970703125 0.056640625 0.05859375
4 0.32421875 0.646484375 0.072265625 0.12109375