8 0.9228515625 0.3388671875 0.08984375 0.232421875
2 0.201171875 0.34375 0.095703125 0.224609375
11 0.904296875 0.2353515625 0.083984375 0.203125
5 0.203125 0.259765625 0.09375 0.1953125
9 0.9384765625 0.619140625 0.08984375 0.16015625
3 0.60546875 0.3701171875 0.072265625 0.1640625
3 0.4287109375 0.0712890625 0.064453125 0.142578125
7 0.9423828125 0.48828125 0.07421875 0.158203125
9 0.693359375 0.138671875 0.064453125 0.16015625
12 0.8369140625 0.7861328125 0.080078125 0.158203125
7 0.8984375 0.1494140625 0.068359375 0.158203125
1 0.2412109375 0.1572265625 0.064453125 0.15625
1 0.296875 0.6318359375 0.07421875 0.15625
1 0.1455078125 0.7734375 0.08984375 0.150390625
1 0.24609375 0.025390625 0.05859375 0.05078125
10 0.6064453125 0.7822265625 0.06640625 0.130859375
4 0.4052734375 0.6337890625 0.06640625 0.12890625
4 0.376953125 0.78125 0.064453125 0.126953125
10 0.82421875 0.5166015625 0.072265625 0.123046875
12 0.8779296875 0.0185546875 0.05859375 0.025390625
10 0.826171875 0.6357421875 0.07421875 0.123046875
10 0.8095703125 0.390625 0.07421875 0.12109375
10 0.787109375 0.0224609375 0.056640625 0.03515625
10 0.79296875 0.1708984375 0.060546875 0.12109375
4 0.296875 0.5068359375 0.064453125 0.119140625
4 0.5185546875 0.259765625 0.05859375 0.12109375
4 0.328125 0.1748046875 0.0546875 0.1171875
10 0.619140625 0.07421875 0.0546875 0.1171875
10 0.8046875 0.2724609375 0.060546875 0.115234375
4 0.3388671875 0.0810546875 0.0546875 0.109375
4 0.34375 0.017578125 0.05078125 0.03515625
4 0.3037109375 0.3818359375 0.064453125 0.12890625