8 0.107421875 0.6376953125 0.103515625 0.2265625
2 0.791015625 0.724609375 0.109375 0.22265625
11 0.109375 0.7373046875 0.09765625 0.19921875
5 0.775390625 0.8046875 0.1015625 0.193359375
9 0.1357421875 0.373046875 0.09765625 0.16015625
3 0.412109375 0.6494140625 0.08203125 0.158203125
3 0.53515625 0.9404296875 0.0703125 0.119140625
7 0.111328125 0.4951171875 0.083984375 0.15625
9 0.29296875 0.8544921875 0.07421875 0.154296875
12 0.255859375 0.2294921875 0.087890625 0.15625
7 0.1025390625 0.8212890625 0.076171875 0.154296875
1 0.724609375 0.8955078125 0.072265625 0.15234375
1 0.740234375 0.4423828125 0.083984375 0.154296875
1 0.908203125 0.328125 0.099609375 0.150390625
10 0.47265625 0.2626953125 0.072265625 0.12890625
4 0.642578125 0.4267578125 0.076171875 0.126953125
4 0.6904296875 0.2900390625 0.072265625 0.126953125
10 0.228515625 0.482421875 0.080078125 0.125
12 0.1025390625 0.9443359375 0.05859375 0.02734375
10 0.2431640625 0.37109375 0.083984375 0.125
10 0.224609375 0.6044921875 0.080078125 0.123046875
10 0.1875 0.953125 0.05078125 0.029296875
10 0.205078125 0.814453125 0.068359375 0.119140625
4 0.7236328125 0.5576171875 0.072265625 0.12109375
4 0.478515625 0.763671875 0.06640625 0.1171875
4 0.6455078125 0.8681640625 0.060546875 0.1171875
10 0.3564453125 0.9267578125 0.060546875 0.1171875
10 0.2119140625 0.716796875 0.06640625 0.115234375
4 0.619140625 0.9501953125 0.0625 0.099609375
4 0.69921875 0.6767578125 0.068359375 0.125