8 0.8330078125 0.5625 0.09375 0.212890625
2 0.1943359375 0.6552734375 0.099609375 0.208984375
11 0.830078125 0.6572265625 0.08984375 0.189453125
5 0.208984375 0.7294921875 0.09375 0.181640625
9 0.810546875 0.3154296875 0.08984375 0.15234375
3 0.5498046875 0.5771484375 0.07421875 0.1484375
3 0.43359375 0.873046875 0.068359375 0.1484375
7 0.8310546875 0.4296875 0.078125 0.1484375
9 0.658203125 0.76953125 0.068359375 0.1484375
12 0.7001953125 0.181640625 0.080078125 0.1484375
7 0.8359375 0.734375 0.068359375 0.14453125
1 0.255859375 0.8125 0.064453125 0.14453125
1 0.244140625 0.3896484375 0.07421875 0.146484375
1 0.091796875 0.2841796875 0.091796875 0.142578125
1 0.2841796875 0.953125 0.064453125 0.09375
10 0.4970703125 0.21484375 0.06640625 0.12109375
4 0.3388671875 0.37109375 0.06640625 0.1171875
4 0.294921875 0.24609375 0.064453125 0.1171875
10 0.7236328125 0.419921875 0.07421875 0.1171875
12 0.83984375 0.8896484375 0.064453125 0.111328125
10 0.708984375 0.314453125 0.076171875 0.1171875
10 0.7255859375 0.53125 0.07421875 0.11328125
10 0.7587890625 0.8984375 0.056640625 0.111328125
10 0.740234375 0.728515625 0.060546875 0.111328125
4 0.2607421875 0.4990234375 0.06640625 0.111328125
4 0.4853515625 0.6875 0.060546875 0.111328125
4 0.330078125 0.7861328125 0.056640625 0.109375
10 0.5986328125 0.8369140625 0.056640625 0.109375
10 0.736328125 0.63671875 0.060546875 0.107421875
4 0.3525390625 0.8681640625 0.0546875 0.1015625
4 0.37109375 0.953125 0.05078125 0.09375
4 0.2822265625 0.6083984375 0.064453125 0.1171875