8 0.126953125 0.6416015625 0.09375 0.236328125
2 0.8564453125 0.6494140625 0.1015625 0.228515625
11 0.14453125 0.7451171875 0.087890625 0.20703125
5 0.8525390625 0.734375 0.09765625 0.19921875
9 0.1162109375 0.357421875 0.09375 0.1640625
3 0.447265625 0.615234375 0.076171875 0.166015625
3 0.62109375 0.923828125 0.06640625 0.15234375
7 0.1083984375 0.490234375 0.078125 0.16015625
9 0.3544921875 0.84765625 0.06640625 0.1640625
12 0.2216796875 0.1904296875 0.083984375 0.16015625
7 0.1484375 0.833984375 0.072265625 0.16015625
1 0.8125 0.8359375 0.06640625 0.158203125
1 0.7646484375 0.35546875 0.078125 0.158203125
1 0.919921875 0.2158203125 0.09375 0.154296875
1 0.8046875 0.9716796875 0.0625 0.056640625
10 0.4541015625 0.1982421875 0.068359375 0.134765625
4 0.6552734375 0.3515625 0.068359375 0.130859375
4 0.6865234375 0.203125 0.06640625 0.12890625
10 0.2294921875 0.462890625 0.07421875 0.126953125
12 0.166015625 0.970703125 0.060546875 0.037109375
10 0.2294921875 0.3427734375 0.076171875 0.126953125
10 0.2431640625 0.591796875 0.076171875 0.123046875
10 0.259765625 0.9697265625 0.05859375 0.046875
10 0.255859375 0.8125 0.064453125 0.123046875
4 0.7626953125 0.4814453125 0.06640625 0.12109375
4 0.5341796875 0.728515625 0.060546875 0.123046875
4 0.7255859375 0.8173828125 0.05859375 0.119140625
10 0.4287109375 0.9150390625 0.05859375 0.119140625
10 0.2451171875 0.7099609375 0.064453125 0.1171875
4 0.7109375 0.912109375 0.056640625 0.111328125
4 0.7041015625 0.9775390625 0.052734375 0.044921875
4 0.7529296875 0.6083984375 0.06640625 0.130859375