8 0.8193359375 0.3916015625 0.0673828125 0.2021484375
2 0.1865234375 0.376953125 0.07421875 0.197265625
11 0.8056640625 0.30078125 0.0673828125 0.177734375
5 0.1923828125 0.3037109375 0.072265625 0.1708984375
9 0.8271484375 0.6357421875 0.072265625 0.1416015625
3 0.5419921875 0.4111328125 0.0556640625 0.1396484375
3 0.392578125 0.13671875 0.05078125 0.1396484375
7 0.8330078125 0.521484375 0.060546875 0.1396484375
9 0.6240234375 0.2119140625 0.05078125 0.1396484375
12 0.7353515625 0.779296875 0.0625 0.1396484375
7 0.8017578125 0.224609375 0.05078125 0.13671875
1 0.2275390625 0.2177734375 0.0458984375 0.13671875
1 0.2666015625 0.630859375 0.0576171875 0.13671875
1 0.130859375 0.7509765625 0.07421875 0.1318359375
1 0.236328125 0.0634765625 0.05078125 0.11328125
10 0.533203125 0.7705078125 0.052734375 0.11328125
4 0.3603515625 0.63671875 0.052734375 0.1103515625
4 0.3330078125 0.7646484375 0.05078125 0.1103515625
10 0.7294921875 0.544921875 0.060546875 0.1083984375
12 0.787109375 0.0732421875 0.05078125 0.103515625
10 0.728515625 0.6474609375 0.0625 0.1083984375
10 0.7177734375 0.435546875 0.060546875 0.10546875
10 0.70703125 0.07421875 0.04296875 0.10546875
10 0.708984375 0.2412109375 0.0478515625 0.103515625
4 0.26953125 0.5224609375 0.052734375 0.103515625
4 0.466796875 0.3115234375 0.0478515625 0.103515625
4 0.302734375 0.234375 0.04296875 0.103515625
10 0.5576171875 0.15234375 0.04296875 0.103515625
10 0.716796875 0.33203125 0.0478515625 0.1005859375
4 0.314453125 0.1513671875 0.04296875 0.095703125
4 0.322265625 0.0625 0.0380859375 0.095703125
4 0.27734375 0.4130859375 0.05078125 0.1103515625