11 0.689453125 0.8212890625 0.091796875 0.1796875
8 0.8330078125 0.6416015625 0.099609375 0.212890625
9 0.626953125 0.69921875 0.08203125 0.142578125
9 0.8505859375 0.501953125 0.083984375 0.150390625
12 0.689453125 0.2373046875 0.083984375 0.154296875
12 0.7548828125 0.9521484375 0.068359375 0.095703125
7 0.7724609375 0.9052734375 0.072265625 0.15234375
7 0.8837890625 0.3779296875 0.083984375 0.15234375
1 0.6455078125 0.478515625 0.080078125 0.1484375
10 0.6865234375 0.87890625 0.05859375 0.103515625
10 0.7236328125 0.701171875 0.060546875 0.115234375
10 0.736328125 0.59765625 0.0703125 0.119140625
10 0.77734375 0.3623046875 0.072265625 0.123046875
10 0.5869140625 0.2109375 0.072265625 0.126953125
10 0.57421875 0.451171875 0.068359375 0.12109375
10 0.5302734375 0.94140625 0.060546875 0.111328125
10 0.5498046875 0.7802734375 0.060546875 0.111328125
3 0.36328125 0.654296875 0.072265625 0.15625
3 0.361328125 0.3193359375 0.087890625 0.146484375
6 0.171875 0.1640625 0.09375 0.15625
2 0.189453125 0.6767578125 0.109375 0.21875
6 0.2041015625 0.9013671875 0.07421875 0.130859375
1 0.287109375 0.9111328125 0.07421875 0.138671875
5 0.4638671875 0.580078125 0.08984375 0.189453125
4 0.279296875 0.181640625 0.07421875 0.123046875
4 0.376953125 0.830078125 0.05859375 0.115234375
4 0.4345703125 0.9248046875 0.056640625 0.109375
4 0.4501953125 0.7451171875 0.0625 0.11328125
4 0.2861328125 0.642578125 0.0625 0.111328125
4 0.3984375 0.4443359375 0.068359375 0.115234375
4 0.470703125 0.3271484375 0.068359375 0.125