11 0.2783203125 0.181640625 0.076171875 0.18359375
8 0.15625 0.3896484375 0.08203125 0.216796875
9 0.3623046875 0.2998046875 0.0703125 0.14453125
9 0.1572265625 0.5390625 0.07421875 0.15234375
12 0.3642578125 0.7900390625 0.07421875 0.15625
12 0.189453125 0.0537109375 0.05859375 0.099609375
7 0.1796875 0.107421875 0.060546875 0.15625
7 0.140625 0.671875 0.07421875 0.154296875
1 0.3759765625 0.5322265625 0.068359375 0.15234375
10 0.2734375 0.12109375 0.05078125 0.103515625
10 0.26171875 0.3115234375 0.052734375 0.1171875
10 0.263671875 0.4208984375 0.0625 0.119140625
10 0.25390625 0.673828125 0.0625 0.125
10 0.474609375 0.802734375 0.0625 0.126953125
10 0.453125 0.55078125 0.060546875 0.123046875
10 0.4267578125 0.0439453125 0.05078125 0.0859375
10 0.4306640625 0.203125 0.05078125 0.111328125
3 0.64453125 0.3076171875 0.060546875 0.16015625
3 0.693359375 0.6572265625 0.078125 0.1484375
6 0.9140625 0.7919921875 0.083984375 0.15625
2 0.822265625 0.259765625 0.09375 0.22265625
6 0.7724609375 0.046875 0.064453125 0.09375
1 0.685546875 0.0498046875 0.0625 0.099609375
5 0.5498046875 0.400390625 0.07421875 0.193359375
4 0.7998046875 0.7880859375 0.06640625 0.125
4 0.603515625 0.126953125 0.05078125 0.1171875
4 0.5283203125 0.044921875 0.048828125 0.08984375
4 0.5400390625 0.2265625 0.0546875 0.11328125
4 0.7255859375 0.3095703125 0.0546875 0.111328125
4 0.6376953125 0.5322265625 0.060546875 0.1171875
4 0.5791015625 0.6650390625 0.060546875 0.126953125