11 0.2763671875 0.2197265625 0.0673828125 0.166015625
8 0.1611328125 0.408203125 0.072265625 0.197265625
9 0.3505859375 0.3291015625 0.0625 0.1298828125
9 0.16015625 0.544921875 0.064453125 0.13671875
12 0.3447265625 0.77734375 0.064453125 0.1416015625
12 0.197265625 0.087890625 0.052734375 0.1181640625
7 0.1875 0.150390625 0.052734375 0.1416015625
7 0.142578125 0.666015625 0.064453125 0.1396484375
1 0.359375 0.5419921875 0.060546875 0.13671875
10 0.2724609375 0.1650390625 0.0458984375 0.09375
10 0.2587890625 0.3388671875 0.0458984375 0.10546875
10 0.2587890625 0.4384765625 0.0556640625 0.1083984375
10 0.24609375 0.669921875 0.0556640625 0.11328125
10 0.4462890625 0.791015625 0.0556640625 0.115234375
10 0.4306640625 0.560546875 0.052734375 0.1103515625
10 0.4150390625 0.0869140625 0.0458984375 0.1005859375
10 0.4150390625 0.2431640625 0.0458984375 0.1005859375
3 0.6083984375 0.341796875 0.052734375 0.14453125
3 0.6474609375 0.6611328125 0.0693359375 0.134765625
6 0.84765625 0.787109375 0.07421875 0.1416015625
2 0.771484375 0.30078125 0.08203125 0.2021484375
6 0.73046875 0.0869140625 0.0576171875 0.1201171875
1 0.650390625 0.080078125 0.0556640625 0.1416015625
5 0.5205078125 0.423828125 0.064453125 0.17578125
4 0.7431640625 0.7822265625 0.0576171875 0.11328125
4 0.57421875 0.17578125 0.04296875 0.10546875
4 0.5068359375 0.091796875 0.04296875 0.1005859375
4 0.5146484375 0.265625 0.0478515625 0.103515625
4 0.6826171875 0.34375 0.0478515625 0.1005859375
4 0.5986328125 0.5458984375 0.052734375 0.10546875
4 0.54296875 0.666015625 0.052734375 0.115234375