2 0.7353515625 0.3798828125 0.09765625 0.220703125
6 0.8408203125 0.2255859375 0.09375 0.16015625
5 0.6376953125 0.703125 0.072265625 0.1796875
4 0.6435546875 0.4814453125 0.0625 0.11328125
4 0.7216796875 0.7607421875 0.05859375 0.11328125
4 0.5537109375 0.7021484375 0.06640625 0.1171875
3 0.466796875 0.61328125 0.078125 0.142578125
12 0.6455078125 0.2646484375 0.083984375 0.14453125
11 0.400390625 0.7236328125 0.08203125 0.173828125
8 0.2958984375 0.65625 0.103515625 0.197265625
12 0.2275390625 0.828125 0.07421875 0.134765625
10 0.47265625 0.7119140625 0.05859375 0.11328125
10 0.4111328125 0.8720703125 0.060546875 0.107421875
10 0.3408203125 0.95703125 0.060546875 0.0859375
10 0.267578125 0.4111328125 0.072265625 0.12109375