2 0.75 0.423828125 0.12890625 0.240234375
6 0.900390625 0.294921875 0.1171875 0.177734375
5 0.5615234375 0.7275390625 0.099609375 0.197265625
4 0.62890625 0.5029296875 0.080078125 0.125
4 0.6318359375 0.8095703125 0.07421875 0.123046875
4 0.4765625 0.703125 0.083984375 0.12890625
3 0.412109375 0.5888671875 0.099609375 0.158203125
12 0.689453125 0.2822265625 0.10546875 0.158203125
11 0.314453125 0.68359375 0.107421875 0.19140625
8 0.2255859375 0.5859375 0.130859375 0.216796875
12 0.109375 0.7421875 0.09375 0.1484375
10 0.390625 0.69140625 0.07421875 0.123046875
10 0.28515625 0.837890625 0.076171875 0.119140625
10 0.1884765625 0.904296875 0.072265625 0.095703125
10 0.2646484375 0.3291015625 0.087890625 0.1328125