2 0.73828125 0.599609375 0.08203125 0.2138671875
6 0.853515625 0.7451171875 0.08203125 0.154296875
5 0.619140625 0.287109375 0.060546875 0.17578125
4 0.640625 0.505859375 0.0556640625 0.1083984375
4 0.6982421875 0.224609375 0.05078125 0.1083984375
4 0.5361328125 0.294921875 0.0576171875 0.11328125
3 0.45703125 0.388671875 0.0673828125 0.13671875
12 0.6572265625 0.7197265625 0.07421875 0.13671875
11 0.3837890625 0.283203125 0.0693359375 0.16796875
8 0.28515625 0.357421875 0.0888671875 0.189453125
12 0.205078125 0.1923828125 0.064453125 0.1298828125
10 0.455078125 0.2900390625 0.05078125 0.1083984375
10 0.384765625 0.1357421875 0.052734375 0.103515625
10 0.3076171875 0.048828125 0.052734375 0.09765625
10 0.2744140625 0.6005859375 0.0625 0.115234375