6 0.5341796875 0.0546875 0.068359375 0.109375
2 0.775390625 0.333984375 0.103515625 0.205078125
6 0.8720703125 0.6865234375 0.091796875 0.16015625
1 0.6220703125 0.4873046875 0.068359375 0.146484375
5 0.5732421875 0.283203125 0.091796875 0.185546875
4 0.62109375 0.1201171875 0.0625 0.115234375
4 0.6455078125 0.2041015625 0.0625 0.115234375
4 0.6875 0.37890625 0.064453125 0.123046875
4 0.708984375 0.484375 0.072265625 0.11328125
4 0.673828125 0.7236328125 0.076171875 0.130859375
4 0.466796875 0.0634765625 0.0546875 0.119140625
4 0.4912109375 0.2998046875 0.064453125 0.1171875
3 0.5419921875 0.1201171875 0.07421875 0.14453125
3 0.4287109375 0.404296875 0.08203125 0.150390625
9 0.3271484375 0.2109375 0.076171875 0.15234375
11 0.3369140625 0.3115234375 0.083984375 0.181640625
8 0.1484375 0.400390625 0.09765625 0.20703125
7 0.15625 0.5302734375 0.08203125 0.154296875
12 0.28125 0.7734375 0.0859375 0.146484375
12 0.146484375 0.0908203125 0.07421875 0.109375
9 0.1767578125 0.6435546875 0.095703125 0.15234375
10 0.259765625 0.4365234375 0.07421875 0.115234375
10 0.2646484375 0.54296875 0.0703125 0.111328125
10 0.275390625 0.646484375 0.072265625 0.12109375
10 0.2275390625 0.0830078125 0.06640625 0.109375
10 0.251953125 0.2431640625 0.06640625 0.11328125
10 0.41015625 0.30859375 0.0625 0.115234375
10 0.4765625 0.7490234375 0.083984375 0.134765625