6 0.587890625 0.064453125 0.0556640625 0.1103515625
2 0.7900390625 0.37109375 0.0791015625 0.1943359375
6 0.841796875 0.7275390625 0.072265625 0.1513671875
1 0.62109375 0.501953125 0.05078125 0.1396484375
5 0.59765625 0.296875 0.0693359375 0.17578125
4 0.6630859375 0.142578125 0.0478515625 0.1083984375
4 0.677734375 0.2275390625 0.0478515625 0.1083984375
4 0.6982421875 0.404296875 0.05078125 0.115234375
4 0.705078125 0.509765625 0.060546875 0.10546875
4 0.642578125 0.7392578125 0.060546875 0.123046875
4 0.5205078125 0.068359375 0.041015625 0.11328125
4 0.515625 0.302734375 0.05078125 0.1103515625
3 0.5869140625 0.1337890625 0.0576171875 0.13671875
3 0.44140625 0.3974609375 0.064453125 0.1416015625
9 0.365234375 0.197265625 0.0576171875 0.14453125
11 0.36328125 0.2958984375 0.0625 0.1728515625
8 0.16796875 0.3603515625 0.072265625 0.197265625
7 0.16015625 0.48828125 0.064453125 0.14453125
12 0.25390625 0.7412109375 0.0693359375 0.13671875
12 0.203125 0.0537109375 0.0625 0.107421875
9 0.166015625 0.6025390625 0.0771484375 0.1416015625
10 0.2724609375 0.41015625 0.060546875 0.1083984375
10 0.2646484375 0.513671875 0.0576171875 0.103515625
10 0.26171875 0.6162109375 0.0576171875 0.11328125
10 0.283203125 0.0576171875 0.052734375 0.10546875
10 0.2880859375 0.21875 0.052734375 0.10546875
10 0.435546875 0.3017578125 0.0478515625 0.1083984375
10 0.447265625 0.740234375 0.0673828125 0.125