6 0.3125 0.0791015625 0.076171875 0.11328125
2 0.15625 0.431640625 0.119140625 0.21875
6 0.16796875 0.8154296875 0.103515625 0.171875
1 0.357421875 0.5380859375 0.078125 0.15625
5 0.34375 0.318359375 0.10546875 0.197265625
4 0.24609375 0.1689453125 0.0703125 0.123046875
4 0.24609375 0.2587890625 0.0703125 0.123046875
4 0.2578125 0.4482421875 0.07421875 0.130859375
4 0.26953125 0.5615234375 0.083984375 0.123046875
4 0.3779296875 0.791015625 0.0859375 0.140625
4 0.3837890625 0.068359375 0.060546875 0.115234375
4 0.431640625 0.30859375 0.07421875 0.125
3 0.3251953125 0.14453125 0.0859375 0.154296875
3 0.52734375 0.3955078125 0.09375 0.16015625
9 0.5693359375 0.169921875 0.087890625 0.162109375
11 0.58984375 0.2724609375 0.09765625 0.193359375
8 0.806640625 0.3046875 0.11328125 0.220703125
7 0.8388671875 0.4375 0.095703125 0.1640625
12 0.7880859375 0.720703125 0.09765625 0.15625
12 0.71484375 0.025390625 0.08203125 0.05078125
9 0.8544921875 0.55859375 0.107421875 0.1640625
10 0.7060546875 0.3759765625 0.083984375 0.125
10 0.734375 0.4833984375 0.080078125 0.119140625
10 0.755859375 0.591796875 0.08203125 0.12890625
10 0.6298828125 0.0341796875 0.072265625 0.068359375
10 0.654296875 0.1787109375 0.076171875 0.12109375
10 0.515625 0.29296875 0.0703125 0.123046875
10 0.583984375 0.755859375 0.09375 0.14453125