6 0.111328125 0.6923828125 0.1015625 0.173828125
2 0.17578125 0.4423828125 0.119140625 0.224609375
5 0.4189453125 0.259765625 0.0859375 0.189453125
4 0.345703125 0.1865234375 0.064453125 0.12109375
4 0.298828125 0.3642578125 0.068359375 0.119140625
4 0.3662109375 0.4765625 0.0703125 0.119140625
4 0.5244140625 0.0400390625 0.048828125 0.080078125
4 0.5009765625 0.2763671875 0.06640625 0.115234375
3 0.568359375 0.376953125 0.083984375 0.15234375
9 0.533203125 0.103515625 0.0703125 0.146484375
7 0.541015625 0.591796875 0.078125 0.158203125
8 0.7548828125 0.3671875 0.103515625 0.212890625
11 0.6650390625 0.279296875 0.083984375 0.1953125
9 0.6455078125 0.486328125 0.0859375 0.16015625
12 0.8525390625 0.068359375 0.0625 0.07421875
10 0.7734375 0.060546875 0.060546875 0.07421875
10 0.7548828125 0.20703125 0.06640625 0.1171875
10 0.5849609375 0.2802734375 0.060546875 0.107421875
10 0.521484375 0.732421875 0.078125 0.123046875
10 0.7275390625 0.623046875 0.072265625 0.119140625
12 0.7197265625 0.7587890625 0.099609375 0.154296875