6 0.1416015625 0.732421875 0.08203125 0.1611328125
2 0.1787109375 0.484375 0.09375 0.208984375
5 0.3955078125 0.283203125 0.064453125 0.177734375
4 0.31640625 0.2197265625 0.05078125 0.11328125
4 0.2900390625 0.396484375 0.0556640625 0.1103515625
4 0.365234375 0.498046875 0.0576171875 0.1103515625
4 0.474609375 0.048828125 0.0390625 0.09765625
4 0.4755859375 0.291015625 0.052734375 0.10546875
3 0.55078125 0.380859375 0.0673828125 0.1416015625
9 0.4892578125 0.12109375 0.0556640625 0.13671875
7 0.546875 0.591796875 0.060546875 0.1494140625
8 0.7294921875 0.3525390625 0.0791015625 0.19921875
11 0.634765625 0.27734375 0.0625 0.185546875
9 0.63671875 0.478515625 0.0673828125 0.1494140625
12 0.794921875 0.044921875 0.0556640625 0.0888671875
10 0.7177734375 0.044921875 0.05078125 0.0888671875
10 0.7138671875 0.1982421875 0.052734375 0.1083984375
10 0.5576171875 0.2861328125 0.0478515625 0.1005859375
10 0.5419921875 0.7294921875 0.064453125 0.11328125
10 0.7294921875 0.603515625 0.060546875 0.1103515625
12 0.7353515625 0.734375 0.08203125 0.1416015625