6 0.833984375 0.7607421875 0.099609375 0.173828125
2 0.818359375 0.5009765625 0.115234375 0.224609375
5 0.61328125 0.275390625 0.083984375 0.189453125
4 0.701171875 0.216796875 0.0625 0.12109375
4 0.712890625 0.4013671875 0.06640625 0.119140625
4 0.625 0.498046875 0.068359375 0.119140625
4 0.5498046875 0.0400390625 0.046875 0.078125
4 0.529296875 0.275390625 0.064453125 0.11328125
3 0.4443359375 0.3623046875 0.08203125 0.15234375
9 0.53125 0.099609375 0.0703125 0.146484375
7 0.4296875 0.5791015625 0.076171875 0.158203125
8 0.2626953125 0.3154296875 0.099609375 0.212890625
11 0.3671875 0.2470703125 0.080078125 0.197265625
9 0.3466796875 0.4541015625 0.08203125 0.16015625
12 0.22265625 0.01953125 0.0625 0.0390625
10 0.3017578125 0.0234375 0.056640625 0.046875
10 0.29296875 0.158203125 0.064453125 0.1171875
10 0.4462890625 0.2626953125 0.05859375 0.109375
10 0.421875 0.7216796875 0.078125 0.123046875
10 0.2392578125 0.57421875 0.072265625 0.119140625
12 0.2216796875 0.708984375 0.09765625 0.154296875