6 0.1494140625 0.7666015625 0.119140625 0.193359375
2 0.1416015625 0.490234375 0.140625 0.25
5 0.3388671875 0.240234375 0.107421875 0.208984375
4 0.23828125 0.1826171875 0.076171875 0.130859375
4 0.2470703125 0.37890625 0.08203125 0.1328125
4 0.3486328125 0.478515625 0.083984375 0.13671875
4 0.3896484375 0.0205078125 0.044921875 0.025390625
4 0.4306640625 0.23828125 0.07421875 0.125
3 0.53125 0.328125 0.1015625 0.169921875
9 0.4130859375 0.068359375 0.083984375 0.12890625
7 0.5673828125 0.556640625 0.09375 0.17578125
8 0.7216796875 0.271484375 0.125 0.236328125
11 0.603515625 0.2021484375 0.103515625 0.21484375
9 0.6455078125 0.4189453125 0.099609375 0.177734375
10 0.67578125 0.10546875 0.078125 0.126953125
10 0.51953125 0.2236328125 0.068359375 0.12109375
10 0.5908203125 0.7099609375 0.08984375 0.13671875
10 0.7724609375 0.5439453125 0.087890625 0.1328125
12 0.8056640625 0.6884765625 0.119140625 0.173828125