6 0.1591796875 0.81640625 0.123046875 0.1875
2 0.13671875 0.5517578125 0.14453125 0.2421875
5 0.314453125 0.302734375 0.111328125 0.201171875
4 0.21484375 0.251953125 0.080078125 0.12890625
4 0.232421875 0.4404296875 0.083984375 0.12890625
4 0.3349609375 0.5302734375 0.0859375 0.1328125
4 0.34375 0.0615234375 0.056640625 0.083984375
4 0.4013671875 0.2958984375 0.078125 0.12109375
3 0.5029296875 0.376953125 0.103515625 0.1640625
9 0.3720703125 0.1162109375 0.091796875 0.16015625
7 0.548828125 0.59375 0.09765625 0.169921875
8 0.6826171875 0.3134765625 0.130859375 0.228515625
11 0.5654296875 0.2529296875 0.109375 0.208984375
9 0.6171875 0.458984375 0.103515625 0.171875
12 0.6767578125 0.0185546875 0.076171875 0.037109375
10 0.59765625 0.0224609375 0.0703125 0.044921875
10 0.62890625 0.15625 0.080078125 0.123046875
10 0.486328125 0.27734375 0.0703125 0.1171875
10 0.578125 0.7392578125 0.091796875 0.134765625
10 0.744140625 0.5732421875 0.087890625 0.130859375
12 0.783203125 0.7080078125 0.12109375 0.16796875