6 0.85546875 0.69921875 0.08203125 0.1630859375
2 0.8193359375 0.451171875 0.091796875 0.2138671875
5 0.603515625 0.2587890625 0.0673828125 0.1806640625
4 0.68359375 0.19140625 0.05078125 0.11328125
4 0.7080078125 0.369140625 0.0556640625 0.11328125
4 0.6318359375 0.4736328125 0.0576171875 0.115234375
4 0.5244140625 0.0400390625 0.0380859375 0.0791015625
4 0.5205078125 0.271484375 0.05078125 0.10546875
3 0.4443359375 0.3681640625 0.0673828125 0.14453125
9 0.509765625 0.099609375 0.0576171875 0.1416015625
7 0.4482421875 0.578125 0.060546875 0.1513671875
8 0.265625 0.34765625 0.0791015625 0.2041015625
11 0.3603515625 0.2666015625 0.0625 0.1875
9 0.357421875 0.4677734375 0.064453125 0.1513671875
12 0.2001953125 0.04296875 0.056640625 0.0859375
10 0.27734375 0.0400390625 0.05078125 0.0791015625
10 0.28125 0.19140625 0.052734375 0.1083984375
10 0.4384765625 0.2724609375 0.0458984375 0.103515625
10 0.4521484375 0.71875 0.0625 0.115234375
10 0.263671875 0.599609375 0.060546875 0.11328125
12 0.255859375 0.7333984375 0.083984375 0.14453125