1 0.744140625 0.166015625 0.05078125 0.1298828125
1 0.5302734375 0.3330078125 0.05078125 0.1318359375
5 0.7177734375 0.4208984375 0.0556640625 0.16796875
3 0.7763671875 0.3056640625 0.0771484375 0.1875
6 0.8701171875 0.79296875 0.0771484375 0.1396484375
6 0.7275390625 0.0927734375 0.0556640625 0.1181640625
3 0.828125 0.5556640625 0.07421875 0.134765625
4 0.69140625 0.349609375 0.0458984375 0.103515625
3 0.61328125 0.3505859375 0.0625 0.1396484375
4 0.6572265625 0.1005859375 0.0458984375 0.1005859375
4 0.580078125 0.18359375 0.0458984375 0.103515625
4 0.5205078125 0.267578125 0.0458984375 0.103515625
4 0.5380859375 0.4541015625 0.052734375 0.10546875
4 0.76171875 0.791015625 0.052734375 0.115234375
4 0.611328125 0.552734375 0.05078125 0.1103515625
4 0.55859375 0.6728515625 0.0556640625 0.1103515625
9 0.359375 0.3330078125 0.060546875 0.1318359375
12 0.365234375 0.7822265625 0.0673828125 0.13671875
12 0.201171875 0.09375 0.05078125 0.115234375
7 0.189453125 0.15234375 0.0576171875 0.1416015625
7 0.1572265625 0.6650390625 0.0693359375 0.1416015625
8 0.1728515625 0.4111328125 0.0771484375 0.197265625
10 0.423828125 0.2509765625 0.0458984375 0.103515625
11 0.279296875 0.224609375 0.072265625 0.166015625
10 0.416015625 0.091796875 0.04296875 0.1005859375
10 0.2763671875 0.1669921875 0.04296875 0.0986328125
10 0.267578125 0.3427734375 0.05078125 0.103515625
10 0.2705078125 0.439453125 0.0556640625 0.1103515625
10 0.2646484375 0.6708984375 0.0478515625 0.1005859375
10 0.4443359375 0.55859375 0.0478515625 0.1181640625
10 0.4677734375 0.794921875 0.060546875 0.1083984375