1 0.7431640625 0.1611328125 0.052734375 0.134765625
1 0.5224609375 0.328125 0.05078125 0.1318359375
5 0.712890625 0.41796875 0.0556640625 0.16796875
3 0.7744140625 0.302734375 0.0771484375 0.1923828125
6 0.865234375 0.798828125 0.0771484375 0.1416015625
6 0.7255859375 0.083984375 0.052734375 0.1201171875
3 0.826171875 0.5556640625 0.07421875 0.1396484375
4 0.6865234375 0.3486328125 0.0458984375 0.10546875
3 0.6083984375 0.3486328125 0.0625 0.1396484375
4 0.65234375 0.09375 0.0458984375 0.1005859375
4 0.576171875 0.1767578125 0.0458984375 0.103515625
4 0.513671875 0.2646484375 0.0458984375 0.10546875
4 0.53125 0.451171875 0.052734375 0.1083984375
4 0.755859375 0.7958984375 0.0556640625 0.115234375
4 0.60546875 0.552734375 0.0478515625 0.1103515625
4 0.548828125 0.673828125 0.0556640625 0.11328125
9 0.349609375 0.3271484375 0.060546875 0.134765625
12 0.353515625 0.783203125 0.0673828125 0.1396484375
12 0.1884765625 0.083984375 0.05078125 0.1201171875
7 0.1787109375 0.14453125 0.060546875 0.14453125
7 0.142578125 0.6630859375 0.0693359375 0.14453125
8 0.16015625 0.40625 0.07421875 0.2021484375
10 0.4150390625 0.2451171875 0.0458984375 0.10546875
11 0.267578125 0.21484375 0.0693359375 0.1708984375
10 0.4072265625 0.0830078125 0.0458984375 0.0986328125
10 0.265625 0.158203125 0.0458984375 0.1005859375
10 0.2568359375 0.337890625 0.052734375 0.103515625
10 0.2587890625 0.4365234375 0.0556640625 0.11328125
10 0.2509765625 0.669921875 0.05078125 0.103515625
10 0.43359375 0.5576171875 0.0458984375 0.1201171875
10 0.45703125 0.7978515625 0.0576171875 0.1103515625