1 0.7744140625 0.181640625 0.068359375 0.146484375
1 0.5244140625 0.337890625 0.0703125 0.1484375
5 0.716796875 0.4541015625 0.080078125 0.189453125
3 0.79296875 0.3359375 0.10546875 0.2109375
6 0.83984375 0.875 0.099609375 0.16015625
6 0.7646484375 0.099609375 0.07421875 0.1328125
3 0.8212890625 0.6123046875 0.095703125 0.154296875
4 0.6962890625 0.3740234375 0.060546875 0.1171875
3 0.611328125 0.3671875 0.083984375 0.158203125
4 0.6884765625 0.1015625 0.060546875 0.115234375
4 0.595703125 0.181640625 0.060546875 0.1171875
4 0.5205078125 0.2666015625 0.060546875 0.1171875
4 0.5185546875 0.470703125 0.0703125 0.12109375
4 0.72265625 0.8603515625 0.0703125 0.130859375
4 0.5869140625 0.5859375 0.06640625 0.125
4 0.5166015625 0.7099609375 0.072265625 0.125
9 0.3388671875 0.318359375 0.080078125 0.150390625
12 0.2939453125 0.806640625 0.087890625 0.15625
12 0.1923828125 0.0537109375 0.068359375 0.107421875
7 0.17578125 0.103515625 0.078125 0.16015625
7 0.08203125 0.654296875 0.091796875 0.162109375
8 0.12890625 0.3828125 0.10546875 0.22265625
10 0.4189453125 0.2373046875 0.060546875 0.1171875
11 0.2646484375 0.1923828125 0.095703125 0.1875
10 0.4267578125 0.0634765625 0.05859375 0.115234375
10 0.267578125 0.12890625 0.05859375 0.111328125
10 0.2392578125 0.318359375 0.06640625 0.1171875
10 0.23046875 0.4248046875 0.072265625 0.125
10 0.197265625 0.673828125 0.064453125 0.115234375
10 0.40625 0.572265625 0.06640625 0.1328125
10 0.4033203125 0.8310546875 0.078125 0.125