1 0.6611328125 0.115234375 0.08203125 0.142578125
1 0.4833984375 0.3271484375 0.080078125 0.140625
5 0.689453125 0.3720703125 0.091796875 0.17578125
3 0.72265625 0.24609375 0.119140625 0.205078125
6 0.9228515625 0.708984375 0.107421875 0.15625
6 0.625 0.0537109375 0.078125 0.107421875
3 0.830078125 0.48046875 0.103515625 0.15234375
4 0.6474609375 0.310546875 0.068359375 0.11328125
3 0.5712890625 0.328125 0.091796875 0.150390625
4 0.556640625 0.0703125 0.06640625 0.107421875
4 0.501953125 0.16796875 0.068359375 0.111328125
4 0.4599609375 0.267578125 0.068359375 0.11328125
4 0.51953125 0.4453125 0.076171875 0.1171875
4 0.8154296875 0.73046875 0.080078125 0.125
4 0.6142578125 0.52734375 0.072265625 0.119140625
4 0.5869140625 0.658203125 0.080078125 0.123046875
9 0.314453125 0.365234375 0.08984375 0.14453125
12 0.4208984375 0.80859375 0.09765625 0.150390625
12 0.1025390625 0.1650390625 0.076171875 0.12890625
7 0.107421875 0.2255859375 0.091796875 0.154296875
7 0.1884765625 0.7392578125 0.099609375 0.15625
8 0.1474609375 0.4853515625 0.1171875 0.212890625
10 0.3603515625 0.2705078125 0.068359375 0.11328125
11 0.208984375 0.2744140625 0.10546875 0.181640625
10 0.3154296875 0.1142578125 0.06640625 0.10546875
10 0.1943359375 0.2197265625 0.06640625 0.107421875
10 0.2265625 0.396484375 0.07421875 0.11328125
10 0.2509765625 0.4921875 0.080078125 0.123046875
10 0.2958984375 0.7216796875 0.072265625 0.111328125
10 0.4482421875 0.5712890625 0.072265625 0.126953125
10 0.525390625 0.7998046875 0.080078125 0.12109375