1 0.16796875 0.8134765625 0.08203125 0.150390625
1 0.4287109375 0.685546875 0.078125 0.146484375
5 0.251953125 0.5546875 0.08984375 0.18359375
3 0.1650390625 0.662109375 0.1171875 0.21484375
6 0.1708984375 0.1318359375 0.107421875 0.162109375
6 0.1728515625 0.888671875 0.076171875 0.119140625
3 0.162109375 0.390625 0.10546875 0.158203125
4 0.2646484375 0.630859375 0.068359375 0.119140625
3 0.3447265625 0.646484375 0.091796875 0.15625
4 0.248046875 0.9013671875 0.06640625 0.11328125
4 0.34375 0.8310546875 0.068359375 0.115234375
4 0.42578125 0.7529296875 0.068359375 0.119140625
4 0.4453125 0.5576171875 0.076171875 0.12109375
4 0.2822265625 0.15625 0.080078125 0.12890625
4 0.388671875 0.4375 0.072265625 0.123046875
4 0.4716796875 0.3232421875 0.080078125 0.12890625
9 0.607421875 0.7216796875 0.08984375 0.150390625
12 0.6953125 0.2490234375 0.09765625 0.15625
12 0.7255859375 0.96875 0.072265625 0.0625
7 0.7470703125 0.931640625 0.091796875 0.13671875
7 0.888671875 0.416015625 0.1015625 0.162109375
8 0.8193359375 0.677734375 0.1171875 0.22265625
10 0.5234375 0.79296875 0.068359375 0.119140625
11 0.6689453125 0.853515625 0.10546875 0.189453125
10 0.4990234375 0.953125 0.064453125 0.09375
10 0.66015625 0.912109375 0.06640625 0.11328125
10 0.705078125 0.728515625 0.076171875 0.1171875
10 0.7236328125 0.626953125 0.080078125 0.12890625
10 0.77734375 0.3876953125 0.072265625 0.1171875
10 0.5673828125 0.466796875 0.0703125 0.1328125
10 0.591796875 0.2138671875 0.08203125 0.125