1 0.2265625 0.1708984375 0.05859375 0.134765625
1 0.453125 0.3291015625 0.05859375 0.13671875
5 0.2666015625 0.4287109375 0.06640625 0.173828125
3 0.201171875 0.314453125 0.087890625 0.1953125
6 0.130859375 0.81640625 0.0859375 0.146484375
6 0.2392578125 0.0947265625 0.0625 0.123046875
3 0.1611328125 0.5712890625 0.083984375 0.140625
4 0.2900390625 0.35546875 0.052734375 0.107421875
3 0.3701171875 0.3525390625 0.0703125 0.146484375
4 0.310546875 0.1005859375 0.052734375 0.10546875
4 0.3935546875 0.1796875 0.052734375 0.107421875
4 0.458984375 0.2626953125 0.052734375 0.107421875
4 0.4501953125 0.4541015625 0.05859375 0.109375
4 0.2412109375 0.8076171875 0.060546875 0.119140625
4 0.3818359375 0.5576171875 0.056640625 0.115234375
4 0.44140625 0.6767578125 0.0625 0.115234375
9 0.626953125 0.3203125 0.068359375 0.138671875
12 0.64453125 0.7783203125 0.076171875 0.142578125
12 0.775390625 0.068359375 0.05859375 0.119140625
7 0.7890625 0.1279296875 0.06640625 0.146484375
7 0.849609375 0.646484375 0.078125 0.1484375
8 0.8212890625 0.390625 0.087890625 0.205078125
10 0.556640625 0.2412109375 0.052734375 0.107421875
11 0.703125 0.2060546875 0.08203125 0.171875
10 0.5556640625 0.0771484375 0.048828125 0.10546875
10 0.7021484375 0.1474609375 0.048828125 0.103515625
10 0.720703125 0.3251953125 0.056640625 0.107421875
10 0.72265625 0.4248046875 0.0625 0.115234375
10 0.7412109375 0.6591796875 0.0546875 0.10546875
10 0.5517578125 0.5546875 0.0546875 0.123046875
10 0.541015625 0.7958984375 0.06640625 0.11328125