6 0.4228515625 0.9423828125 0.064453125 0.115234375
6 0.1064453125 0.2841796875 0.08984375 0.146484375
2 0.19921875 0.6494140625 0.109375 0.208984375
5 0.39453125 0.712890625 0.083984375 0.181640625
4 0.3388671875 0.869140625 0.052734375 0.107421875
4 0.3173828125 0.7822265625 0.052734375 0.111328125
4 0.2802734375 0.607421875 0.060546875 0.107421875
4 0.26171875 0.501953125 0.05859375 0.111328125
4 0.4794921875 0.7001953125 0.05859375 0.107421875
4 0.4931640625 0.9384765625 0.052734375 0.107421875
3 0.416015625 0.87890625 0.05859375 0.134765625
3 0.54296875 0.6015625 0.07421875 0.1484375
7 0.703125 0.2333984375 0.080078125 0.14453125
7 0.826171875 0.48828125 0.08203125 0.142578125
12 0.8134765625 0.9287109375 0.072265625 0.11328125
8 0.8212890625 0.615234375 0.09765625 0.2109375
11 0.63671875 0.6953125 0.09375 0.177734375
9 0.640625 0.80078125 0.064453125 0.142578125
9 0.8076171875 0.3740234375 0.0859375 0.150390625
10 0.5576171875 0.69140625 0.052734375 0.107421875
10 0.7373046875 0.9345703125 0.0625 0.109375
10 0.7177734375 0.7744140625 0.060546875 0.115234375
10 0.70703125 0.365234375 0.078125 0.12109375
10 0.509765625 0.255859375 0.076171875 0.123046875