6 0.44140625 0.955078125 0.06640625 0.08984375
6 0.1494140625 0.2958984375 0.091796875 0.154296875
2 0.2255859375 0.671875 0.11328125 0.216796875
5 0.4248046875 0.734375 0.08984375 0.185546875
4 0.3583984375 0.8994140625 0.05859375 0.115234375
4 0.3408203125 0.8095703125 0.0546875 0.115234375
4 0.3134765625 0.626953125 0.064453125 0.115234375
4 0.298828125 0.5185546875 0.0625 0.115234375
4 0.509765625 0.720703125 0.060546875 0.111328125
4 0.5146484375 0.955078125 0.056640625 0.08984375
3 0.4384765625 0.9052734375 0.0625 0.142578125
3 0.5810546875 0.6142578125 0.080078125 0.154296875
7 0.7626953125 0.234375 0.0859375 0.15234375
7 0.8759765625 0.494140625 0.083984375 0.150390625
12 0.8427734375 0.9375 0.07421875 0.083984375
8 0.8662109375 0.6259765625 0.099609375 0.216796875
11 0.671875 0.7109375 0.09765625 0.181640625
9 0.671875 0.8212890625 0.0703125 0.14453125
9 0.861328125 0.376953125 0.091796875 0.154296875
10 0.5927734375 0.7099609375 0.05859375 0.111328125
10 0.76171875 0.9423828125 0.060546875 0.083984375
10 0.751953125 0.791015625 0.06640625 0.119140625
10 0.759765625 0.3701171875 0.08203125 0.125
10 0.5625 0.2607421875 0.076171875 0.125