6 0.57421875 0.95703125 0.0625 0.0859375
6 0.83984375 0.29296875 0.0859375 0.150390625
2 0.7783203125 0.6689453125 0.10546875 0.2109375
5 0.5830078125 0.736328125 0.083984375 0.1796875
4 0.654296875 0.8984375 0.052734375 0.111328125
4 0.66796875 0.80859375 0.05078125 0.111328125
4 0.689453125 0.626953125 0.060546875 0.111328125
4 0.69921875 0.51953125 0.05859375 0.111328125
4 0.498046875 0.7265625 0.056640625 0.109375
4 0.501953125 0.95703125 0.052734375 0.0859375
3 0.5751953125 0.90625 0.056640625 0.138671875
3 0.423828125 0.623046875 0.076171875 0.150390625
7 0.2314453125 0.2529296875 0.080078125 0.146484375
7 0.1279296875 0.5146484375 0.078125 0.146484375
12 0.17578125 0.9501953125 0.0703125 0.080078125
8 0.142578125 0.64453125 0.091796875 0.212890625
11 0.3369140625 0.7216796875 0.091796875 0.177734375
9 0.3408203125 0.8330078125 0.064453125 0.142578125
9 0.1376953125 0.3984375 0.0859375 0.150390625
10 0.4150390625 0.71875 0.052734375 0.109375
10 0.2568359375 0.953125 0.056640625 0.078125
10 0.2607421875 0.8046875 0.0625 0.1171875
10 0.2373046875 0.388671875 0.076171875 0.123046875
10 0.4287109375 0.2724609375 0.072265625 0.123046875