6 0.5869140625 0.0615234375 0.0576171875 0.11328125
6 0.8193359375 0.724609375 0.0771484375 0.1416015625
2 0.7724609375 0.361328125 0.09375 0.19921875
5 0.587890625 0.2900390625 0.07421875 0.1708984375
4 0.6611328125 0.13671875 0.0478515625 0.10546875
4 0.671875 0.2236328125 0.0458984375 0.10546875
4 0.6865234375 0.3994140625 0.0556640625 0.10546875
4 0.6923828125 0.501953125 0.052734375 0.10546875
4 0.505859375 0.296875 0.05078125 0.103515625
4 0.5166015625 0.0634765625 0.0478515625 0.103515625
3 0.5849609375 0.1259765625 0.05078125 0.1318359375
3 0.4306640625 0.392578125 0.0673828125 0.1416015625
7 0.2333984375 0.7431640625 0.072265625 0.1396484375
7 0.142578125 0.48828125 0.0693359375 0.1396484375
12 0.2021484375 0.0537109375 0.064453125 0.107421875
8 0.1611328125 0.36328125 0.08203125 0.2021484375
11 0.3505859375 0.2958984375 0.08203125 0.16796875
9 0.3583984375 0.189453125 0.0576171875 0.134765625
9 0.1494140625 0.599609375 0.0771484375 0.1416015625
10 0.42578125 0.3017578125 0.0478515625 0.103515625
10 0.28125 0.0556640625 0.052734375 0.10546875
10 0.2802734375 0.2138671875 0.0556640625 0.1103515625
10 0.244140625 0.61328125 0.0693359375 0.115234375
10 0.423828125 0.73046875 0.064453125 0.115234375