6 0.361328125 0.0576171875 0.07421875 0.095703125
6 0.173828125 0.8232421875 0.107421875 0.169921875
2 0.1826171875 0.40234375 0.1328125 0.240234375
5 0.38671875 0.298828125 0.10546875 0.208984375
4 0.2841796875 0.1337890625 0.06640625 0.12890625
4 0.2841796875 0.2333984375 0.064453125 0.12890625
4 0.28515625 0.43359375 0.07421875 0.126953125
4 0.2919921875 0.5537109375 0.07421875 0.130859375
4 0.48046875 0.2978515625 0.0703125 0.125
4 0.443359375 0.0478515625 0.064453125 0.09375
3 0.3681640625 0.11328125 0.072265625 0.158203125
3 0.580078125 0.3955078125 0.09375 0.169921875
7 0.84765625 0.7744140625 0.095703125 0.16796875
7 0.91796875 0.470703125 0.099609375 0.169921875
12 0.798828125 0.025390625 0.0859375 0.05078125
8 0.8828125 0.3310546875 0.1171875 0.2421875
11 0.658203125 0.2763671875 0.11328125 0.205078125
9 0.63671875 0.1572265625 0.080078125 0.1640625
9 0.927734375 0.5986328125 0.107421875 0.177734375
10 0.572265625 0.2919921875 0.068359375 0.126953125
10 0.708984375 0.02734375 0.06640625 0.0546875
10 0.728515625 0.1748046875 0.07421875 0.1328125
10 0.8173828125 0.626953125 0.095703125 0.142578125
10 0.625 0.7822265625 0.087890625 0.14453125