6 0.4580078125 0.0439453125 0.080078125 0.087890625
6 0.8828125 0.69921875 0.1171875 0.173828125
2 0.73828125 0.306640625 0.150390625 0.24609375
5 0.51171875 0.2744140625 0.12109375 0.212890625
4 0.5556640625 0.0869140625 0.076171875 0.130859375
4 0.587890625 0.1796875 0.07421875 0.130859375
4 0.65234375 0.3701171875 0.08203125 0.12890625
4 0.6845703125 0.484375 0.08203125 0.1328125
4 0.423828125 0.3037109375 0.080078125 0.126953125
4 0.37890625 0.0576171875 0.068359375 0.09375
3 0.4697265625 0.0927734375 0.083984375 0.16015625
3 0.36328125 0.4287109375 0.10546875 0.173828125
7 0.232421875 0.87109375 0.109375 0.171875
7 0.0673828125 0.6083984375 0.111328125 0.173828125
12 0.037109375 0.130859375 0.07421875 0.09765625
8 0.0625 0.4658203125 0.125 0.244140625
11 0.2490234375 0.3408203125 0.12890625 0.208984375
9 0.2314453125 0.22265625 0.091796875 0.166015625
9 0.1015625 0.732421875 0.119140625 0.181640625
10 0.3369140625 0.3291015625 0.078125 0.12890625
10 0.1162109375 0.111328125 0.072265625 0.08984375
10 0.150390625 0.2685546875 0.083984375 0.134765625
10 0.212890625 0.7236328125 0.10546875 0.146484375
10 0.4443359375 0.806640625 0.099609375 0.1484375