6 0.419921875 0.0576171875 0.060546875 0.095703125
6 0.158203125 0.751953125 0.08203125 0.1494140625
2 0.21484375 0.3642578125 0.0986328125 0.2138671875
5 0.416015625 0.291015625 0.0771484375 0.1875
4 0.3388671875 0.126953125 0.0478515625 0.115234375
4 0.328125 0.21875 0.0458984375 0.115234375
4 0.306640625 0.4052734375 0.0556640625 0.11328125
4 0.298828125 0.5166015625 0.0556640625 0.115234375
4 0.501953125 0.30078125 0.052734375 0.1103515625
4 0.49609375 0.05859375 0.05078125 0.09375
3 0.419921875 0.1162109375 0.05078125 0.1416015625
3 0.5830078125 0.40234375 0.0693359375 0.1513671875
7 0.7880859375 0.783203125 0.072265625 0.1494140625
7 0.888671875 0.5107421875 0.07421875 0.1513671875
12 0.830078125 0.0625 0.0693359375 0.0869140625
8 0.87109375 0.376953125 0.083984375 0.216796875
11 0.669921875 0.30078125 0.083984375 0.1826171875
9 0.6630859375 0.1884765625 0.0576171875 0.146484375
9 0.8818359375 0.630859375 0.08203125 0.15625
10 0.587890625 0.306640625 0.05078125 0.11328125
10 0.748046875 0.05859375 0.052734375 0.083984375
10 0.74609375 0.21484375 0.0556640625 0.1181640625
10 0.77734375 0.64453125 0.07421875 0.125
10 0.58203125 0.765625 0.0673828125 0.126953125