6 0.6005859375 0.060546875 0.0576171875 0.115234375
6 0.8818359375 0.736328125 0.08203125 0.1416015625
2 0.80859375 0.3662109375 0.0986328125 0.2041015625
5 0.6162109375 0.29296875 0.07421875 0.177734375
4 0.6806640625 0.1396484375 0.0478515625 0.10546875
4 0.697265625 0.2275390625 0.0478515625 0.1083984375
4 0.724609375 0.404296875 0.0556640625 0.10546875
4 0.73828125 0.5107421875 0.052734375 0.1083984375
4 0.53125 0.30078125 0.052734375 0.10546875
4 0.529296875 0.0625 0.0478515625 0.10546875
3 0.603515625 0.1259765625 0.052734375 0.1318359375
3 0.4619140625 0.396484375 0.0673828125 0.14453125
7 0.283203125 0.755859375 0.072265625 0.1416015625
7 0.173828125 0.4951171875 0.07421875 0.1396484375
12 0.208984375 0.0556640625 0.0673828125 0.1103515625
8 0.185546875 0.3681640625 0.0869140625 0.20703125
11 0.3740234375 0.2978515625 0.083984375 0.1728515625
9 0.375 0.1923828125 0.0576171875 0.1396484375
9 0.1865234375 0.609375 0.0791015625 0.146484375
10 0.4521484375 0.3056640625 0.0478515625 0.10546875
10 0.2861328125 0.0537109375 0.056640625 0.107421875
10 0.296875 0.21484375 0.0556640625 0.11328125
10 0.2861328125 0.6240234375 0.072265625 0.1181640625
10 0.4775390625 0.7431640625 0.0693359375 0.1201171875