6 0.412109375 0.0546875 0.0625 0.109375
6 0.0986328125 0.767578125 0.08984375 0.154296875
2 0.18359375 0.3720703125 0.109375 0.220703125
5 0.3916015625 0.296875 0.083984375 0.19140625
4 0.326171875 0.130859375 0.0546875 0.11328125
4 0.306640625 0.224609375 0.0546875 0.1171875
4 0.2734375 0.4140625 0.0625 0.115234375
4 0.2568359375 0.5283203125 0.05859375 0.1171875
4 0.482421875 0.306640625 0.05859375 0.11328125
4 0.4912109375 0.0537109375 0.0546875 0.107421875
3 0.4091796875 0.1181640625 0.05859375 0.142578125
3 0.5556640625 0.4111328125 0.07421875 0.15625
7 0.740234375 0.798828125 0.080078125 0.154296875
7 0.8623046875 0.521484375 0.08203125 0.150390625
12 0.8330078125 0.0576171875 0.07421875 0.10546875
8 0.8525390625 0.384765625 0.095703125 0.22265625
11 0.6513671875 0.306640625 0.09375 0.1875
9 0.65234375 0.193359375 0.064453125 0.150390625
9 0.8466796875 0.6435546875 0.087890625 0.158203125
10 0.5673828125 0.3125 0.0546875 0.11328125
10 0.75 0.0537109375 0.060546875 0.1015625
10 0.7353515625 0.21875 0.0625 0.123046875
10 0.7392578125 0.6572265625 0.080078125 0.126953125
10 0.5322265625 0.7822265625 0.078125 0.130859375