5 0.380859375 0.234375 0.06640625 0.19140625
9 0.4755859375 0.0693359375 0.0703125 0.138671875
11 0.634765625 0.2265625 0.076171875 0.20703125
8 0.7392578125 0.30859375 0.0703125 0.21484375
10 0.5546875 0.23828125 0.052734375 0.115234375
10 0.6298828125 0.0693359375 0.0546875 0.123046875
10 0.75 0.5771484375 0.06640625 0.1328125
10 0.71875 0.0126953125 0.0546875 0.025390625
12 0.82421875 0.130859375 0.068359375 0.13671875
12 0.33984375 0.701171875 0.078125 0.15625
3 0.55078125 0.3447265625 0.0703125 0.16015625
6 0.1220703125 0.72265625 0.076171875 0.15234375
2 0.2490234375 0.5625 0.08984375 0.21875
4 0.3544921875 0.4697265625 0.060546875 0.123046875
4 0.4697265625 0.2421875 0.0546875 0.1171875
4 0.291015625 0.16796875 0.052734375 0.115234375