5 0.6162109375 0.2900390625 0.060546875 0.17578125
9 0.5302734375 0.126953125 0.064453125 0.1494140625
11 0.3837890625 0.2822265625 0.0693359375 0.189453125
8 0.287109375 0.3583984375 0.064453125 0.197265625
10 0.45703125 0.29296875 0.0478515625 0.10546875
10 0.388671875 0.138671875 0.05078125 0.11328125
10 0.27734375 0.6044921875 0.060546875 0.123046875
10 0.306640625 0.048828125 0.05078125 0.09765625
12 0.208984375 0.1943359375 0.0625 0.125
12 0.654296875 0.71875 0.072265625 0.14453125
3 0.4599609375 0.390625 0.064453125 0.146484375
6 0.8544921875 0.73828125 0.0693359375 0.1396484375
2 0.73828125 0.591796875 0.08203125 0.2021484375
4 0.640625 0.505859375 0.0556640625 0.11328125
4 0.53515625 0.296875 0.05078125 0.1083984375
4 0.69921875 0.228515625 0.0478515625 0.10546875