5 0.3681640625 0.7060546875 0.083984375 0.193359375
9 0.4423828125 0.888671875 0.0859375 0.166015625
11 0.615234375 0.740234375 0.095703125 0.208984375
8 0.7255859375 0.6708984375 0.091796875 0.216796875
10 0.5390625 0.720703125 0.0625 0.1171875
10 0.59375 0.892578125 0.06640625 0.125
10 0.763671875 0.4111328125 0.078125 0.13671875
10 0.671875 0.970703125 0.0625 0.05859375
12 0.7900390625 0.8525390625 0.080078125 0.140625
12 0.376953125 0.2470703125 0.09375 0.162109375
3 0.5458984375 0.6171875 0.0859375 0.162109375
6 0.166015625 0.205078125 0.08984375 0.15625
2 0.2734375 0.373046875 0.109375 0.224609375
4 0.3671875 0.474609375 0.0703125 0.125
4 0.4560546875 0.708984375 0.06640625 0.12109375
4 0.2744140625 0.76171875 0.0625 0.1171875