2 0.1376953125 0.3955078125 0.134765625 0.234375
6 0.162109375 0.650390625 0.111328125 0.1640625
6 0.1201171875 0.1572265625 0.091796875 0.150390625
3 0.3310546875 0.3935546875 0.099609375 0.166015625
3 0.369140625 0.7451171875 0.115234375 0.181640625
4 0.29296875 0.90625 0.09375 0.138671875
5 0.435546875 0.46875 0.1171875 0.203125
4 0.30859375 0.2158203125 0.08203125 0.134765625
4 0.23828125 0.4248046875 0.080078125 0.12890625
4 0.3740234375 0.6142578125 0.087890625 0.134765625
4 0.4736328125 0.7333984375 0.080078125 0.130859375
4 0.400390625 0.2958984375 0.080078125 0.125
1 0.205078125 0.1318359375 0.091796875 0.16015625
1 0.6396484375 0.5517578125 0.103515625 0.173828125
11 0.55078125 0.130859375 0.11328125 0.203125
8 0.814453125 0.36328125 0.14453125 0.2421875
9 0.833984375 0.791015625 0.11328125 0.18359375
12 0.6962890625 0.0517578125 0.087890625 0.103515625
7 0.7197265625 0.0947265625 0.095703125 0.169921875
7 0.9033203125 0.6328125 0.115234375 0.181640625
9 0.5927734375 0.326171875 0.10546875 0.169921875
10 0.462890625 0.080078125 0.08203125 0.12890625
10 0.5 0.251953125 0.08203125 0.130859375
10 0.6328125 0.1328125 0.08203125 0.12890625
10 0.6953125 0.3125 0.080078125 0.125
10 0.7197265625 0.419921875 0.087890625 0.138671875
10 0.7880859375 0.66015625 0.087890625 0.134765625