2 0.216796875 0.302734375 0.08203125 0.20703125
6 0.18359375 0.5419921875 0.07421875 0.1416015625
6 0.25 0.080078125 0.0576171875 0.1318359375
3 0.39453125 0.3427734375 0.0625 0.146484375
3 0.3544921875 0.6728515625 0.07421875 0.158203125
4 0.25 0.8056640625 0.0625 0.1201171875
5 0.4736328125 0.43359375 0.072265625 0.1806640625
4 0.4111328125 0.173828125 0.052734375 0.1181640625
4 0.3017578125 0.3525390625 0.05078125 0.11328125
4 0.38671875 0.5537109375 0.0576171875 0.1181640625
4 0.453125 0.685546875 0.05078125 0.115234375
4 0.478515625 0.267578125 0.052734375 0.1083984375
1 0.3330078125 0.07421875 0.0556640625 0.14453125
1 0.642578125 0.552734375 0.064453125 0.154296875
11 0.6513671875 0.1474609375 0.0673828125 0.1806640625
8 0.84375 0.4169921875 0.091796875 0.2138671875
9 0.771484375 0.8134765625 0.072265625 0.1611328125
12 0.806640625 0.0849609375 0.0556640625 0.1318359375
7 0.814453125 0.150390625 0.0576171875 0.1513671875
7 0.869140625 0.6826171875 0.07421875 0.158203125
9 0.6494140625 0.3369140625 0.0673828125 0.1494140625
10 0.58203125 0.0830078125 0.052734375 0.11328125
10 0.5791015625 0.248046875 0.052734375 0.115234375
10 0.7255859375 0.1669921875 0.052734375 0.11328125
10 0.7451171875 0.3447265625 0.052734375 0.1083984375
10 0.7451171875 0.44921875 0.0576171875 0.1201171875
10 0.7568359375 0.68359375 0.0576171875 0.1181640625