2 0.740234375 0.2470703125 0.111328125 0.232421875
6 0.8095703125 0.4951171875 0.095703125 0.15625
6 0.677734375 0.044921875 0.07421875 0.08984375
3 0.55859375 0.3134765625 0.083984375 0.162109375
3 0.6484375 0.6533203125 0.09765625 0.17578125
4 0.7783203125 0.7802734375 0.080078125 0.13671875
5 0.48828125 0.4189453125 0.09765625 0.203125
4 0.5166015625 0.1376953125 0.0703125 0.1328125
4 0.658203125 0.3095703125 0.064453125 0.126953125
4 0.59765625 0.5341796875 0.076171875 0.130859375
4 0.546875 0.6806640625 0.068359375 0.130859375
4 0.4619140625 0.244140625 0.0703125 0.123046875
1 0.5908203125 0.05078125 0.072265625 0.1015625
1 0.3271484375 0.568359375 0.087890625 0.173828125
11 0.26171875 0.142578125 0.08984375 0.19921875
8 0.0986328125 0.4521484375 0.119140625 0.236328125
9 0.228515625 0.8583984375 0.095703125 0.1796875
12 0.0908203125 0.1044921875 0.072265625 0.1328125
7 0.0888671875 0.1669921875 0.076171875 0.1640625
7 0.107421875 0.734375 0.09765625 0.173828125
9 0.2919921875 0.33984375 0.08984375 0.166015625
10 0.326171875 0.0703125 0.068359375 0.115234375
10 0.3505859375 0.23828125 0.068359375 0.130859375
10 0.185546875 0.1748046875 0.0703125 0.125
10 0.1923828125 0.36328125 0.0703125 0.123046875
10 0.20703125 0.474609375 0.076171875 0.1328125
10 0.224609375 0.7216796875 0.076171875 0.1328125