2 0.1982421875 0.685546875 0.1328125 0.24609375
6 0.2099609375 0.4150390625 0.109375 0.16796875
6 0.1953125 0.90625 0.078125 0.095703125
3 0.400390625 0.68359375 0.09765625 0.173828125
3 0.4248046875 0.310546875 0.11328125 0.189453125
4 0.3349609375 0.138671875 0.095703125 0.146484375
5 0.5087890625 0.6005859375 0.11328125 0.212890625
4 0.38671875 0.87109375 0.083984375 0.138671875
4 0.3017578125 0.65234375 0.078125 0.1328125
4 0.435546875 0.447265625 0.0859375 0.138671875
4 0.5341796875 0.318359375 0.078125 0.138671875
4 0.4765625 0.783203125 0.080078125 0.130859375
1 0.2890625 0.9248046875 0.07421875 0.095703125
1 0.716796875 0.5068359375 0.10546875 0.18359375
11 0.6474609375 0.923828125 0.107421875 0.15234375
8 0.9091796875 0.7021484375 0.142578125 0.25390625
9 0.908203125 0.2490234375 0.11328125 0.19140625
12 0.806640625 0.9892578125 0.078125 0.021484375
7 0.8232421875 0.9501953125 0.091796875 0.099609375
7 0.966796875 0.4130859375 0.06640625 0.185546875
9 0.6787109375 0.7470703125 0.10546875 0.177734375
10 0.5595703125 0.9697265625 0.076171875 0.060546875
10 0.5869140625 0.828125 0.078125 0.140625
10 0.7294921875 0.9423828125 0.080078125 0.115234375
10 0.7841796875 0.7578125 0.080078125 0.130859375
10 0.8076171875 0.642578125 0.08984375 0.146484375
10 0.869140625 0.3876953125 0.0859375 0.142578125