2 0.248046875 0.822265625 0.1328125 0.2421875
6 0.154296875 0.5732421875 0.109375 0.166015625
6 0.328125 0.9873046875 0.07421875 0.025390625
3 0.4287109375 0.744140625 0.09765625 0.171875
3 0.3076171875 0.3974609375 0.11328125 0.185546875
4 0.162109375 0.27734375 0.095703125 0.14453125
5 0.494140625 0.6259765625 0.11328125 0.2109375
4 0.4873046875 0.9169921875 0.083984375 0.13671875
4 0.328125 0.7529296875 0.078125 0.130859375
4 0.37109375 0.517578125 0.0859375 0.138671875
4 0.41015625 0.3623046875 0.080078125 0.13671875
4 0.5361328125 0.8037109375 0.080078125 0.12890625
1 0.41796875 0.9775390625 0.0703125 0.044921875
1 0.646484375 0.4638671875 0.10546875 0.1796875
11 0.7509765625 0.8759765625 0.103515625 0.171875
8 0.89453125 0.5654296875 0.142578125 0.25
9 0.720703125 0.1572265625 0.11328125 0.1875
12 0.923828125 0.8876953125 0.07421875 0.07421875
7 0.9267578125 0.84765625 0.08984375 0.15234375
7 0.859375 0.2734375 0.115234375 0.18359375
9 0.7041015625 0.6943359375 0.107421875 0.17578125
10 0.6845703125 0.943359375 0.072265625 0.06640625
10 0.65234375 0.802734375 0.080078125 0.138671875
10 0.828125 0.857421875 0.080078125 0.130859375
10 0.8037109375 0.6640625 0.080078125 0.12890625
10 0.7802734375 0.5498046875 0.08984375 0.142578125
10 0.73828125 0.296875 0.087890625 0.140625