2 0.7666015625 0.2646484375 0.08203125 0.216796875
6 0.8037109375 0.51171875 0.07421875 0.14453125
6 0.73046875 0.0537109375 0.0576171875 0.0986328125
3 0.583984375 0.3017578125 0.0625 0.1513671875
3 0.62890625 0.64453125 0.07421875 0.1630859375
4 0.7392578125 0.783203125 0.064453125 0.125
5 0.5009765625 0.396484375 0.0693359375 0.1875
4 0.5634765625 0.1298828125 0.0556640625 0.1201171875
4 0.6787109375 0.3125 0.05078125 0.115234375
4 0.59375 0.521484375 0.0576171875 0.1201171875
4 0.52734375 0.65625 0.05078125 0.1201171875
4 0.498046875 0.224609375 0.052734375 0.11328125
1 0.642578125 0.052734375 0.0556640625 0.1005859375
1 0.3291015625 0.5166015625 0.0673828125 0.158203125
11 0.314453125 0.0986328125 0.0673828125 0.1875
8 0.1201171875 0.375 0.091796875 0.220703125
9 0.201171875 0.78515625 0.07421875 0.166015625
12 0.15625 0.05078125 0.0576171875 0.1005859375
7 0.146484375 0.0986328125 0.0576171875 0.154296875
7 0.095703125 0.650390625 0.0771484375 0.1611328125
9 0.3212890625 0.29296875 0.0693359375 0.154296875
10 0.38671875 0.0478515625 0.0576171875 0.091796875
10 0.390625 0.203125 0.05078125 0.123046875
10 0.23828125 0.1181640625 0.052734375 0.115234375
10 0.2236328125 0.3017578125 0.052734375 0.11328125
10 0.22265625 0.4111328125 0.060546875 0.125
10 0.2119140625 0.65234375 0.0576171875 0.123046875