2 0.263671875 0.75390625 0.125 0.220703125
6 0.181640625 0.5244140625 0.103515625 0.15625
6 0.34375 0.947265625 0.0859375 0.10546875
3 0.4306640625 0.677734375 0.09375 0.158203125
3 0.322265625 0.359375 0.107421875 0.171875
4 0.19140625 0.25 0.087890625 0.130859375
5 0.490234375 0.5703125 0.109375 0.193359375
4 0.4833984375 0.83984375 0.078125 0.126953125
4 0.3369140625 0.6875 0.07421875 0.123046875
4 0.3798828125 0.4697265625 0.08203125 0.12890625
4 0.4169921875 0.3271484375 0.07421875 0.125
4 0.529296875 0.7333984375 0.076171875 0.1171875
1 0.42578125 0.939453125 0.0859375 0.12109375
1 0.6318359375 0.4169921875 0.095703125 0.166015625
11 0.7255859375 0.8154296875 0.10546875 0.19140625
8 0.859375 0.509765625 0.134765625 0.23046875
9 0.7041015625 0.1328125 0.10546875 0.173828125
12 0.8916015625 0.8447265625 0.08203125 0.142578125
7 0.88671875 0.779296875 0.08984375 0.162109375
7 0.828125 0.2412109375 0.107421875 0.171875
9 0.6845703125 0.6298828125 0.09765625 0.162109375
10 0.6708984375 0.8935546875 0.076171875 0.123046875
10 0.6337890625 0.732421875 0.076171875 0.125
10 0.794921875 0.7802734375 0.076171875 0.123046875
10 0.77734375 0.6005859375 0.076171875 0.1171875
10 0.7548828125 0.498046875 0.08203125 0.130859375
10 0.7177734375 0.263671875 0.08203125 0.12890625