2 0.181640625 0.62890625 0.126953125 0.220703125
6 0.1953125 0.3916015625 0.103515625 0.150390625
6 0.16796875 0.84765625 0.0859375 0.138671875
3 0.359375 0.6259765625 0.09375 0.154296875
3 0.384765625 0.3017578125 0.107421875 0.16796875
4 0.30859375 0.15234375 0.087890625 0.130859375
5 0.453125 0.5546875 0.111328125 0.19140625
4 0.34375 0.791015625 0.078125 0.126953125
4 0.2724609375 0.5986328125 0.072265625 0.12109375
4 0.3916015625 0.4208984375 0.08203125 0.125
4 0.4814453125 0.30859375 0.076171875 0.123046875
4 0.4228515625 0.7158203125 0.076171875 0.1171875
1 0.248046875 0.8701171875 0.0859375 0.150390625
1 0.638671875 0.47265625 0.09765625 0.1640625
11 0.5673828125 0.86328125 0.103515625 0.1875
8 0.8037109375 0.6435546875 0.1328125 0.22265625
9 0.8125 0.2490234375 0.10546875 0.169921875
12 0.7041015625 0.9423828125 0.083984375 0.115234375
7 0.7255859375 0.8935546875 0.087890625 0.154296875
7 0.8818359375 0.3935546875 0.107421875 0.16796875
9 0.6015625 0.6826171875 0.09765625 0.158203125
10 0.4892578125 0.912109375 0.076171875 0.119140625
10 0.51953125 0.75390625 0.076171875 0.123046875
10 0.6435546875 0.859375 0.076171875 0.119140625
10 0.6953125 0.69140625 0.076171875 0.1171875
10 0.7158203125 0.5908203125 0.08203125 0.12890625
10 0.7744140625 0.3701171875 0.08203125 0.12890625