2 0.21875 0.302734375 0.08203125 0.20703125
6 0.1787109375 0.537109375 0.07421875 0.13671875
6 0.2548828125 0.0869140625 0.0576171875 0.1298828125
3 0.3916015625 0.345703125 0.0625 0.14453125
3 0.3427734375 0.6669921875 0.07421875 0.15625
4 0.2353515625 0.7958984375 0.0625 0.1201171875
5 0.466796875 0.4365234375 0.072265625 0.1806640625
4 0.4130859375 0.181640625 0.052734375 0.1181640625
4 0.30078125 0.3525390625 0.0478515625 0.11328125
4 0.376953125 0.552734375 0.0576171875 0.115234375
4 0.4384765625 0.6826171875 0.05078125 0.115234375
4 0.4736328125 0.2724609375 0.052734375 0.1083984375
1 0.337890625 0.0830078125 0.0556640625 0.1416015625
1 0.62890625 0.5576171875 0.064453125 0.154296875
11 0.6474609375 0.1611328125 0.064453125 0.177734375
8 0.828125 0.4287109375 0.0888671875 0.208984375
9 0.748046875 0.814453125 0.072265625 0.158203125
12 0.8017578125 0.103515625 0.0556640625 0.1298828125
7 0.80859375 0.1669921875 0.0556640625 0.146484375
7 0.84765625 0.689453125 0.07421875 0.154296875
9 0.6396484375 0.3447265625 0.0673828125 0.146484375
10 0.58203125 0.095703125 0.052734375 0.1103515625
10 0.576171875 0.2568359375 0.05078125 0.115234375
10 0.720703125 0.1826171875 0.052734375 0.1103515625
10 0.7333984375 0.357421875 0.052734375 0.1083984375
10 0.73046875 0.4599609375 0.0576171875 0.1181640625
10 0.73828125 0.6884765625 0.0576171875 0.1181640625