3 0.546875 0.59765625 0.0859375 0.1484375
6 0.07421875 0.3115234375 0.1015625 0.162109375
2 0.2216796875 0.4384765625 0.123046875 0.22265625
5 0.41015625 0.7275390625 0.1015625 0.189453125
4 0.337890625 0.810546875 0.0703125 0.123046875
4 0.341796875 0.51171875 0.080078125 0.126953125
4 0.490234375 0.7060546875 0.072265625 0.1171875
4 0.4501953125 0.5869140625 0.078125 0.130859375
9 0.529296875 0.876953125 0.08203125 0.15625
11 0.6484375 0.6904296875 0.1015625 0.197265625
8 0.73046875 0.5927734375 0.11328125 0.21875
10 0.5732421875 0.6923828125 0.0703125 0.1171875
10 0.7724609375 0.908203125 0.0703125 0.1015625
10 0.7421875 0.7548828125 0.072265625 0.119140625
10 0.6923828125 0.3427734375 0.078125 0.13671875
12 0.8544921875 0.896484375 0.078125 0.095703125
12 0.2802734375 0.2919921875 0.09765625 0.15625