3 0.4619140625 0.388671875 0.0576171875 0.1318359375
6 0.853515625 0.7431640625 0.072265625 0.14453125
2 0.73828125 0.595703125 0.08203125 0.2021484375
5 0.6142578125 0.291015625 0.064453125 0.1728515625
4 0.697265625 0.2255859375 0.0478515625 0.1103515625
4 0.638671875 0.505859375 0.0556640625 0.11328125
4 0.53515625 0.296875 0.05078125 0.103515625
4 0.55078125 0.4150390625 0.052734375 0.1181640625
9 0.529296875 0.12890625 0.052734375 0.1416015625
11 0.3837890625 0.2822265625 0.064453125 0.1806640625
8 0.2880859375 0.359375 0.072265625 0.19921875
10 0.4541015625 0.29296875 0.0478515625 0.10546875
10 0.306640625 0.048828125 0.05078125 0.09765625
10 0.306640625 0.2041015625 0.05078125 0.10546875
10 0.279296875 0.599609375 0.052734375 0.123046875
12 0.2275390625 0.0458984375 0.060546875 0.091796875
12 0.65625 0.7236328125 0.0673828125 0.1396484375