3 0.4580078125 0.384765625 0.076171875 0.14453125
6 0.8203125 0.802734375 0.09375 0.158203125
2 0.71875 0.6357421875 0.109375 0.21875
5 0.6298828125 0.3037109375 0.08984375 0.1875
4 0.7236328125 0.24609375 0.064453125 0.12109375
4 0.626953125 0.529296875 0.072265625 0.125
4 0.5458984375 0.298828125 0.06640625 0.11328125
4 0.5478515625 0.4228515625 0.0703125 0.12890625
9 0.560546875 0.1240234375 0.07421875 0.154296875
11 0.390625 0.265625 0.08984375 0.1953125
8 0.2822265625 0.3330078125 0.099609375 0.216796875
10 0.4638671875 0.28515625 0.0625 0.115234375
10 0.33984375 0.033203125 0.0625 0.06640625
10 0.3203125 0.173828125 0.06640625 0.115234375
10 0.2421875 0.580078125 0.0703125 0.1328125
12 0.2587890625 0.025390625 0.072265625 0.05078125
12 0.6181640625 0.7578125 0.087890625 0.15234375