1 0.6240234375 0.16796875 0.064453125 0.154296875
2 0.806640625 0.31640625 0.0986328125 0.21875
6 0.5380859375 0.255859375 0.072265625 0.1318359375
3 0.45703125 0.2587890625 0.072265625 0.1416015625
3 0.478515625 0.8134765625 0.0869140625 0.1708984375
4 0.794921875 0.8232421875 0.07421875 0.1416015625
6 0.587890625 0.0869140625 0.0693359375 0.134765625
4 0.716796875 0.361328125 0.0625 0.1181640625
4 0.58203125 0.69921875 0.0625 0.1298828125
4 0.64453125 0.564453125 0.0673828125 0.1298828125
4 0.5107421875 0.1767578125 0.0556640625 0.1181640625
4 0.435546875 0.181640625 0.052734375 0.123046875
8 0.17578125 0.4169921875 0.095703125 0.21875
11 0.357421875 0.146484375 0.0693359375 0.1875
9 0.2646484375 0.8173828125 0.091796875 0.16796875
12 0.19921875 0.080078125 0.0673828125 0.1318359375
7 0.189453125 0.1474609375 0.0673828125 0.15625
7 0.37890625 0.4423828125 0.0693359375 0.154296875
10 0.423828125 0.0869140625 0.0556640625 0.115234375
10 0.28125 0.1650390625 0.0576171875 0.11328125
10 0.2744140625 0.3486328125 0.0625 0.1201171875
10 0.27734375 0.451171875 0.064453125 0.126953125
10 0.380859375 0.5830078125 0.064453125 0.126953125