1 0.5556640625 0.142578125 0.103515625 0.171875
2 0.7783203125 0.25 0.15234375 0.24609375
6 0.490234375 0.251953125 0.10546875 0.15234375
3 0.40625 0.2744140625 0.107421875 0.162109375
3 0.5595703125 0.8369140625 0.12890625 0.1953125
4 0.8857421875 0.7724609375 0.109375 0.1640625
6 0.4990234375 0.072265625 0.103515625 0.14453125
4 0.6962890625 0.318359375 0.091796875 0.134765625
4 0.638671875 0.6962890625 0.09375 0.1484375
4 0.6708984375 0.5439453125 0.099609375 0.1484375
4 0.4423828125 0.177734375 0.083984375 0.134765625
4 0.365234375 0.2001953125 0.083984375 0.138671875
8 0.15625 0.5029296875 0.150390625 0.24609375
11 0.27734375 0.18359375 0.115234375 0.208984375
9 0.341796875 0.8916015625 0.1328125 0.193359375
12 0.1015625 0.1533203125 0.099609375 0.150390625
7 0.107421875 0.2236328125 0.10546875 0.17578125
7 0.3701171875 0.48046875 0.107421875 0.173828125
10 0.3330078125 0.10546875 0.083984375 0.130859375
10 0.205078125 0.2197265625 0.0859375 0.12890625
10 0.240234375 0.4091796875 0.091796875 0.13671875
10 0.2685546875 0.513671875 0.09765625 0.146484375
10 0.4052734375 0.6240234375 0.09765625 0.146484375