1 0.4267578125 0.1396484375 0.09375 0.173828125
2 0.20703125 0.259765625 0.138671875 0.25
6 0.5 0.25 0.099609375 0.15234375
3 0.5859375 0.26953125 0.09765625 0.16015625
3 0.470703125 0.857421875 0.12109375 0.193359375
4 0.1318359375 0.8017578125 0.1015625 0.162109375
6 0.4755859375 0.068359375 0.095703125 0.13671875
4 0.2939453125 0.326171875 0.08984375 0.13671875
4 0.380859375 0.712890625 0.087890625 0.14453125
4 0.3359375 0.5576171875 0.095703125 0.1484375
4 0.54296875 0.1728515625 0.08203125 0.134765625
4 0.62109375 0.193359375 0.076171875 0.140625
8 0.8564453125 0.49609375 0.138671875 0.25
11 0.7119140625 0.171875 0.107421875 0.2109375
9 0.6943359375 0.90234375 0.126953125 0.1953125
12 0.8876953125 0.1337890625 0.09375 0.154296875
7 0.88671875 0.2060546875 0.095703125 0.177734375
7 0.638671875 0.482421875 0.1015625 0.17578125
10 0.6494140625 0.0927734375 0.078125 0.134765625
10 0.7880859375 0.2080078125 0.08203125 0.12890625
10 0.7646484375 0.4013671875 0.083984375 0.13671875
10 0.744140625 0.51171875 0.087890625 0.14453125
10 0.6103515625 0.6318359375 0.087890625 0.14453125