1 0.421875 0.15234375 0.08984375 0.16796875
2 0.2138671875 0.27734375 0.1328125 0.23828125
6 0.4970703125 0.2548828125 0.091796875 0.146484375
3 0.580078125 0.2685546875 0.09375 0.15625
3 0.4775390625 0.8349609375 0.11328125 0.1875
4 0.1533203125 0.7998046875 0.09765625 0.15625
6 0.470703125 0.07421875 0.091796875 0.1484375
4 0.298828125 0.337890625 0.080078125 0.12890625
4 0.388671875 0.703125 0.08203125 0.142578125
4 0.34375 0.5556640625 0.087890625 0.142578125
4 0.5361328125 0.177734375 0.07421875 0.12890625
4 0.61328125 0.193359375 0.072265625 0.1328125
8 0.8447265625 0.4716796875 0.130859375 0.23828125
11 0.6982421875 0.1689453125 0.09765625 0.203125
9 0.6962890625 0.869140625 0.1171875 0.185546875
12 0.869140625 0.1240234375 0.087890625 0.14453125
7 0.869140625 0.1943359375 0.091796875 0.169921875
7 0.6337890625 0.46875 0.09375 0.16796875
10 0.638671875 0.09765625 0.07421875 0.126953125
10 0.7734375 0.1982421875 0.076171875 0.125
10 0.7548828125 0.3876953125 0.08203125 0.130859375
10 0.736328125 0.4921875 0.0859375 0.140625
10 0.611328125 0.6123046875 0.0859375 0.140625