1 0.609375 0.1474609375 0.060546875 0.1513671875
2 0.7880859375 0.291015625 0.091796875 0.216796875
6 0.525390625 0.2353515625 0.0693359375 0.1298828125
3 0.4443359375 0.2392578125 0.0673828125 0.13671875
3 0.455078125 0.7900390625 0.083984375 0.166015625
4 0.7705078125 0.79296875 0.0693359375 0.1396484375
6 0.5771484375 0.0712890625 0.0673828125 0.126953125
4 0.69921875 0.3369140625 0.0625 0.115234375
4 0.55859375 0.6728515625 0.060546875 0.125
4 0.625 0.5400390625 0.0673828125 0.126953125
4 0.4990234375 0.158203125 0.0556640625 0.115234375
4 0.423828125 0.1650390625 0.05078125 0.123046875
8 0.1630859375 0.4013671875 0.091796875 0.216796875
11 0.345703125 0.130859375 0.0673828125 0.185546875
9 0.244140625 0.7958984375 0.0888671875 0.16796875
12 0.193359375 0.068359375 0.064453125 0.1318359375
7 0.1826171875 0.134765625 0.0625 0.154296875
7 0.36328125 0.423828125 0.0673828125 0.1513671875
10 0.416015625 0.0693359375 0.052734375 0.115234375
10 0.271484375 0.1513671875 0.0576171875 0.1103515625
10 0.26171875 0.330078125 0.0576171875 0.1181640625
10 0.263671875 0.4326171875 0.060546875 0.125
10 0.3642578125 0.5625 0.060546875 0.125