1 0.484375 0.119140625 0.103515625 0.16796875
2 0.697265625 0.2158203125 0.158203125 0.24609375
6 0.419921875 0.236328125 0.10546875 0.1484375
3 0.3388671875 0.263671875 0.107421875 0.158203125
3 0.47265625 0.8251953125 0.130859375 0.189453125
4 0.7900390625 0.7373046875 0.111328125 0.162109375
6 0.4345703125 0.060546875 0.095703125 0.12109375
4 0.6171875 0.2900390625 0.095703125 0.134765625
4 0.5517578125 0.6748046875 0.09765625 0.14453125
4 0.5869140625 0.51953125 0.103515625 0.146484375
4 0.3740234375 0.1640625 0.087890625 0.1328125
4 0.298828125 0.193359375 0.083984375 0.1328125
8 0.08984375 0.5126953125 0.154296875 0.24609375
11 0.2158203125 0.1796875 0.12109375 0.205078125
9 0.26171875 0.8935546875 0.138671875 0.193359375
12 0.0478515625 0.16796875 0.095703125 0.13671875
7 0.05078125 0.2314453125 0.1015625 0.173828125
7 0.2958984375 0.4755859375 0.109375 0.169921875
10 0.2705078125 0.1015625 0.0859375 0.123046875
10 0.1435546875 0.22265625 0.087890625 0.12890625
10 0.173828125 0.412109375 0.08984375 0.134765625
10 0.2001953125 0.515625 0.09765625 0.142578125
10 0.330078125 0.619140625 0.09765625 0.14453125