1 0.6484375 0.158203125 0.083984375 0.15625
2 0.80078125 0.3232421875 0.126953125 0.23046875
6 0.5478515625 0.2373046875 0.087890625 0.13671875
3 0.46484375 0.23046875 0.08984375 0.146484375
3 0.373046875 0.7783203125 0.107421875 0.17578125
4 0.6865234375 0.8193359375 0.091796875 0.150390625
6 0.6298828125 0.0771484375 0.08203125 0.134765625
4 0.7021484375 0.3583984375 0.080078125 0.125
4 0.5 0.6748046875 0.080078125 0.134765625
4 0.5888671875 0.548828125 0.0859375 0.134765625
4 0.53515625 0.1552734375 0.072265625 0.123046875
4 0.4560546875 0.15234375 0.06640625 0.125
8 0.15234375 0.357421875 0.125 0.23046875
11 0.388671875 0.109375 0.095703125 0.193359375
9 0.1611328125 0.7587890625 0.115234375 0.1796875
12 0.2431640625 0.0498046875 0.083984375 0.099609375
7 0.220703125 0.09375 0.0859375 0.1640625
7 0.3486328125 0.4033203125 0.087890625 0.16015625
10 0.466796875 0.0595703125 0.0703125 0.119140625
10 0.3076171875 0.12109375 0.0703125 0.119140625
10 0.2646484375 0.2998046875 0.07421875 0.126953125
10 0.248046875 0.4013671875 0.080078125 0.130859375
10 0.32421875 0.541015625 0.080078125 0.134765625