1 0.3466796875 0.845703125 0.076171875 0.158203125
2 0.181640625 0.6826171875 0.115234375 0.228515625
6 0.44140625 0.765625 0.083984375 0.138671875
3 0.5224609375 0.7705078125 0.08203125 0.14453125
3 0.5703125 0.21484375 0.1015625 0.17578125
4 0.2529296875 0.177734375 0.083984375 0.1484375
6 0.3720703125 0.92578125 0.08203125 0.1328125
4 0.2763671875 0.6455078125 0.076171875 0.123046875
4 0.4541015625 0.3212890625 0.07421875 0.1328125
4 0.373046875 0.4482421875 0.08203125 0.134765625
4 0.4599609375 0.8466796875 0.068359375 0.123046875
4 0.5361328125 0.8486328125 0.0625 0.12890625
8 0.82421875 0.63671875 0.115234375 0.228515625
11 0.611328125 0.890625 0.087890625 0.193359375
9 0.7841796875 0.23046875 0.107421875 0.1796875
12 0.7578125 0.94921875 0.078125 0.1015625
7 0.7763671875 0.904296875 0.080078125 0.162109375
7 0.625 0.5927734375 0.083984375 0.16015625
10 0.533203125 0.94140625 0.06640625 0.1171875
10 0.6884765625 0.8779296875 0.0703125 0.1171875
10 0.716796875 0.6982421875 0.0703125 0.125
10 0.7265625 0.5947265625 0.07421875 0.1328125
10 0.638671875 0.4541015625 0.07421875 0.1328125