1 0.5986328125 0.1455078125 0.0625 0.146484375
2 0.76953125 0.2861328125 0.095703125 0.216796875
6 0.5107421875 0.236328125 0.0693359375 0.126953125
3 0.4287109375 0.2412109375 0.0693359375 0.13671875
3 0.4150390625 0.7880859375 0.083984375 0.1630859375
4 0.7255859375 0.7861328125 0.072265625 0.1396484375
6 0.568359375 0.06640625 0.064453125 0.1318359375
4 0.677734375 0.333984375 0.0625 0.115234375
4 0.5244140625 0.6708984375 0.0625 0.125
4 0.59375 0.5361328125 0.0673828125 0.125
4 0.486328125 0.158203125 0.0556640625 0.115234375
4 0.41015625 0.1669921875 0.05078125 0.1181640625
8 0.140625 0.408203125 0.09375 0.216796875
11 0.337890625 0.134765625 0.0693359375 0.1826171875
9 0.2041015625 0.798828125 0.091796875 0.166015625
12 0.1865234375 0.0771484375 0.064453125 0.1298828125
7 0.171875 0.1416015625 0.064453125 0.154296875
7 0.3388671875 0.42578125 0.0673828125 0.1494140625
10 0.4072265625 0.0732421875 0.0556640625 0.11328125
10 0.2607421875 0.15625 0.0556640625 0.1103515625
10 0.2431640625 0.337890625 0.0576171875 0.1181640625
10 0.240234375 0.4384765625 0.0625 0.123046875
10 0.333984375 0.564453125 0.0625 0.125