12 0.113480123046875 0.975372087890625 0.171481333984375 0.978411802734375 0.178221572265625 0.849800421875 0.120220361328125 0.846760708984375 0.113480123046875 0.975372087890625
9 0.179150185546875 0.253071630859375 0.26489110546875 0.257565123046875 0.27334944140625 0.096170451171875 0.187608521484375 0.0916769609375 0.179150185546875 0.253071630859375
8 0.0761175546875 0.67502526953125 0.161858474609375 0.67951876171875 0.173092203125 0.465166462890625 0.087351283203125 0.460672970703125 0.0761175546875 0.67502526953125
11 0.26929184375 0.945607064453125 0.329814845703125 0.948778939453125 0.339462634765625 0.764688142578125 0.2789396328125 0.761516267578125 0.26929184375 0.945607064453125
9 0.2827830390625 0.736430509765625 0.348349626953125 0.739866708984375 0.355354185546875 0.60621174609375 0.289787599609375 0.602775546875 0.2827830390625 0.736430509765625
7 0.10404304296875 0.91418827734375 0.164566044921875 0.917360154296875 0.172495734375 0.766052650390625 0.111972732421875 0.7628807734375 0.10404304296875 0.91418827734375
7 0.293113083984375 0.635823162109375 0.35867966796875 0.639259361328125 0.366212875 0.49551723046875 0.300646291015625 0.492081033203125 0.293113083984375 0.635823162109375
10 0.354736271484375 0.811005525390625 0.407693896484375 0.813780916015625 0.4136411640625 0.700300287109375 0.3606835390625 0.697524896484375 0.354736271484375 0.811005525390625
10 0.340837865234375 0.97970125 0.393795494140625 0.982476640625 0.399610599609375 0.8715178046875 0.34665297265625 0.868742412109375 0.340837865234375 0.97970125
10 0.199199595703125 0.883773169921875 0.252157224609375 0.886548560546875 0.25797233203125 0.775589724609375 0.205014703125 0.77281433203125 0.199199595703125 0.883773169921875
10 0.1935844765625 0.7014111953125 0.244020310546875 0.704054423828125 0.24983541796875 0.593095587890625 0.19939958203125 0.590452357421875 0.1935844765625 0.7014111953125
10 0.1960848203125 0.605450947265625 0.259129615234375 0.608754984375 0.265209044921875 0.492752564453125 0.20216425 0.48944852734375 0.1960848203125 0.605450947265625
10 0.198685158203125 0.36283029296875 0.25920816015625 0.36600216796875 0.26568407421875 0.242434373046875 0.205161072265625 0.23926249609375 0.198685158203125 0.36283029296875
1 0.648277654296875 1 0.65550101953125 0.862169990234375 0.594978017578125 0.85899811328125 0.587588421875 1 0.648277654296875 1
3 0.597799787109375 0.419149056640625 0.6658881640625 0.422717416015625 0.674742984375 0.253757369140625 0.606654607421875 0.2501890078125 0.597799787109375 0.419149056640625
3 0.5401379609375 0.74738919140625 0.60318275390625 0.750693228515625 0.611508927734375 0.591820349609375 0.548464134765625 0.588516310546875 0.5401379609375 0.74738919140625
1 0.301846466796875 0.517431111328125 0.36993484375 0.52099947265625 0.377732373046875 0.372213759765625 0.30964399609375 0.3686453984375 0.301846466796875 0.517431111328125
5 0.460883677734375 0.667374109375 0.5289720546875 0.670942470703125 0.539016330078125 0.479286296875 0.470927951171875 0.475717935546875 0.460883677734375 0.667374109375
2 0.7081836015625 0.821942759765625 0.793924521484375 0.82643625 0.805026087890625 0.6146057421875 0.71928516796875 0.610112251953125 0.7081836015625 0.821942759765625
6 0.765591826171875 0.546792412109375 0.8387237890625 0.550625095703125 0.846653478515625 0.39931758984375 0.773521517578125 0.39548490625 0.765591826171875 0.546792412109375
6 0.7317253515625 1 0.7383236640625 0.8740966953125 0.680322453125 0.87105698046875 0.6735648359375 1 0.7317253515625 1
4 0.519467150390625 0.900557681640625 0.56485940234375 0.902936587890625 0.57093883203125 0.78693416796875 0.525546580078125 0.78455526171875 0.519467150390625 0.900557681640625
4 0.456665234375 0.796117650390625 0.507101068359375 0.798760880859375 0.512784013671875 0.6903238359375 0.462348177734375 0.68768060546875 0.456665234375 0.796117650390625
4 0.64007377734375 0.722281990234375 0.693031404296875 0.725057380859375 0.698978671875 0.611576751953125 0.646021044921875 0.608801361328125 0.64007377734375 0.722281990234375
4 0.564641455078125 0.5210887421875 0.62516445703125 0.5242606171875 0.6315082109375 0.40321461328125 0.570985208984375 0.400042736328125 0.564641455078125 0.5210887421875
4 0.503954123046875 0.37630004296875 0.56195533203125 0.3793397578125 0.56803476171875 0.2633373359375 0.510033552734375 0.26029762109375 0.503954123046875 0.37630004296875
4 0.71921010546875 0.273788818359375 0.78477669140625 0.277225017578125 0.791384767578125 0.1511354296875 0.7258181796875 0.14769923046875 0.71921010546875 0.273788818359375