12 0.295154814453125 1 0.27889287109375 0.907773931640625 0.222548150390625 0.91770902734375 0.23705826953125 1 0.295154814453125 1
9 0.1475529140625 0.33481161328125 0.23084511328125 0.320124951171875 0.203199630859375 0.163339638671875 0.11990743359375 0.17802630078125 0.1475529140625 0.33481161328125
8 0.14216160546875 0.76264557421875 0.225453802734375 0.747958912109375 0.1887371484375 0.53972841796875 0.105444951171875 0.554415080078125 0.14216160546875 0.76264557421875
11 0.387534734375 0.979551166015625 0.446329228515625 0.969184111328125 0.4147961015625 0.79035086328125 0.356001607421875 0.80071791796875 0.387534734375 0.979551166015625
9 0.354131771484375 0.775788251953125 0.417825806640625 0.764557275390625 0.394931892578125 0.6347194375 0.331237857421875 0.6459504140625 0.354131771484375 0.775788251953125
7 0.221962234375 0.9860126328125 0.2807567265625 0.975645578125 0.254839087890625 0.82865934765625 0.196044595703125 0.83902640234375 0.221962234375 0.9860126328125
7 0.341752888671875 0.676933509765625 0.405446921875 0.665702533203125 0.380825166015625 0.52606561328125 0.317131130859375 0.53729658984375 0.341752888671875 0.676933509765625
10 0.43971978515625 0.8314230078125 0.491164966796875 0.822351833984375 0.47172673828125 0.71211216015625 0.420281556640625 0.721183333984375 0.43971978515625 0.8314230078125
10 0.463761609375 0.9964215546875 0.5152067890625 0.987350380859375 0.49620051953125 0.8795604765625 0.44475533984375 0.888631650390625 0.463761609375 0.9964215546875
10 0.306556294921875 0.935733302734375 0.3580014765625 0.92666212890625 0.338995208984375 0.8188722265625 0.28755002734375 0.827943400390625 0.306556294921875 0.935733302734375
10 0.260756505859375 0.761941587890625 0.309751916015625 0.753302375 0.2907456484375 0.64551247265625 0.24175023828125 0.654151685546875 0.260756505859375 0.761941587890625
10 0.24189223046875 0.66928226953125 0.303136494140625 0.658483251953125 0.2832663046875 0.545793810546875 0.222022041015625 0.556592826171875 0.24189223046875 0.66928226953125
10 0.190624927734375 0.435832140625 0.249419419921875 0.425465083984375 0.22825334765625 0.305426328125 0.16945885546875 0.315793384765625 0.190624927734375 0.435832140625
1 0.7656573359375 0.96087075 0.73973969921875 0.81388451953125 0.68094520703125 0.82425157421875 0.70686284375 0.9712378046875 0.7656573359375 0.96087075
3 0.586185888671875 0.401447185546875 0.6523296953125 0.389784248046875 0.62338833203125 0.225649623046875 0.55724452734375 0.237312560546875 0.586185888671875 0.401447185546875
3 0.60357640625 0.72927849609375 0.664820669921875 0.718479478515625 0.6376071484375 0.564143935546875 0.576362884765625 0.574942951171875 0.60357640625 0.72927849609375
1 0.323900509765625 0.561362333984375 0.3900443125 0.549699396484375 0.364558634765625 0.40516293359375 0.298414830078125 0.41682587109375 0.323900509765625 0.561362333984375
5 0.509775158203125 0.670040080078125 0.575918962890625 0.658377142578125 0.543089955078125 0.472194583984375 0.476946150390625 0.48385751953125 0.509775158203125 0.670040080078125
2 0.78139177734375 0.763599205078125 0.8646839765625 0.74891254296875 0.828399283203125 0.5431318203125 0.745107083984375 0.557818482421875 0.78139177734375 0.763599205078125
6 0.77552220703125 0.4867811171875 0.846565552734375 0.4742542578125 0.8206479140625 0.327268025390625 0.749604568359375 0.339794884765625 0.77552220703125 0.4867811171875
6 0.788859162109375 0.949201830078125 0.8452038828125 0.939266736328125 0.8218780078125 0.80697912890625 0.765533287109375 0.81691422265625 0.788859162109375 0.949201830078125
4 0.61767715234375 0.880874302734375 0.661773021484375 0.873099009765625 0.64190283203125 0.76040956640625 0.597806962890625 0.768184857421875 0.61767715234375 0.880874302734375
4 0.534254921875 0.79454641796875 0.583250333984375 0.785907205078125 0.564676025390625 0.680567072265625 0.515680615234375 0.68920628515625 0.534254921875 0.79454641796875
4 0.6939339296875 0.683034783203125 0.745379109375 0.673963611328125 0.725940880859375 0.563723935546875 0.674495701171875 0.572795109375 0.6939339296875 0.683034783203125
4 0.57694880078125 0.506639345703125 0.63574329296875 0.496272291015625 0.615009181640625 0.378683302734375 0.556214689453125 0.389050359375 0.57694880078125 0.506639345703125
4 0.486615201171875 0.3811151328125 0.542959923828125 0.3711800390625 0.523089734375 0.25849059375 0.46674501171875 0.2684256875 0.486615201171875 0.3811151328125
4 0.67050792578125 0.2350227265625 0.734201958984375 0.22379175 0.712603927734375 0.10130322265625 0.648909892578125 0.11253419921875 0.67050792578125 0.2350227265625