12 0.2259615390625 0.0240384609375 0.170673076171875 0.0240384609375 0.170673076171875 0.146634615234375 0.2259615390625 0.146634615234375 0.2259615390625 0.0240384609375
9 0.278846154296875 0.71394230859375 0.197115384765625 0.71394230859375 0.197115384765625 0.8677884609375 0.278846154296875 0.8677884609375 0.278846154296875 0.71394230859375
8 0.201923076171875 0.30769230859375 0.12019230859375 0.30769230859375 0.12019230859375 0.51201923046875 0.201923076171875 0.51201923046875 0.201923076171875 0.30769230859375
11 0.375 0.060096154296875 0.31730769140625 0.060096154296875 0.31730769140625 0.235576923828125 0.375 0.235576923828125 0.375 0.060096154296875
9 0.3822115390625 0.259615384765625 0.3197115390625 0.259615384765625 0.3197115390625 0.38701923046875 0.3822115390625 0.38701923046875 0.3822115390625 0.259615384765625
7 0.216346154296875 0.08173076953125 0.158653845703125 0.08173076953125 0.158653845703125 0.2259615390625 0.216346154296875 0.2259615390625 0.216346154296875 0.08173076953125
7 0.38701923046875 0.35576923046875 0.32451923046875 0.35576923046875 0.32451923046875 0.4927884609375 0.38701923046875 0.4927884609375 0.38701923046875 0.35576923046875
10 0.44230769140625 0.19230769140625 0.391826923828125 0.19230769140625 0.391826923828125 0.30048076953125 0.44230769140625 0.30048076953125 0.44230769140625 0.19230769140625
10 0.4375 0.03125 0.38701923046875 0.03125 0.38701923046875 0.13701923046875 0.4375 0.13701923046875 0.4375 0.03125
10 0.298076923828125 0.115384615234375 0.247596154296875 0.115384615234375 0.247596154296875 0.221153845703125 0.298076923828125 0.221153845703125 0.298076923828125 0.115384615234375
10 0.28125 0.2884615390625 0.233173076171875 0.2884615390625 0.233173076171875 0.39423076953125 0.28125 0.39423076953125 0.28125 0.2884615390625
10 0.290865384765625 0.37980769140625 0.23076923046875 0.37980769140625 0.23076923046875 0.490384615234375 0.290865384765625 0.490384615234375 0.290865384765625 0.37980769140625
10 0.278846154296875 0.610576923828125 0.221153845703125 0.610576923828125 0.221153845703125 0.728365384765625 0.278846154296875 0.728365384765625 0.278846154296875 0.610576923828125
1 0.6802884609375 0.009615384765625 0.622596154296875 0.009615384765625 0.622596154296875 0.158653845703125 0.6802884609375 0.158653845703125 0.6802884609375 0.009615384765625
3 0.66826923046875 0.576923076171875 0.603365384765625 0.576923076171875 0.603365384765625 0.73798076953125 0.66826923046875 0.73798076953125 0.66826923046875 0.576923076171875
3 0.625 0.26201923046875 0.564903845703125 0.26201923046875 0.564903845703125 0.4134615390625 0.625 0.4134615390625 0.625 0.26201923046875
1 0.391826923828125 0.46875 0.326923076171875 0.46875 0.326923076171875 0.610576923828125 0.391826923828125 0.610576923828125 0.391826923828125 0.46875
5 0.55048076953125 0.334134615234375 0.485576923828125 0.334134615234375 0.485576923828125 0.516826923828125 0.55048076953125 0.516826923828125 0.55048076953125 0.334134615234375
2 0.810096154296875 0.19951923046875 0.728365384765625 0.19951923046875 0.728365384765625 0.40144230859375 0.810096154296875 0.40144230859375 0.810096154296875 0.19951923046875
6 0.83894230859375 0.46394230859375 0.76923076953125 0.46394230859375 0.76923076953125 0.608173076171875 0.83894230859375 0.608173076171875 0.83894230859375 0.46394230859375
6 0.759615384765625 0.021634615234375 0.704326923828125 0.021634615234375 0.704326923828125 0.15144230859375 0.759615384765625 0.15144230859375 0.759615384765625 0.021634615234375
4 0.596153845703125 0.115384615234375 0.552884615234375 0.115384615234375 0.552884615234375 0.2259615390625 0.596153845703125 0.2259615390625 0.596153845703125 0.115384615234375
4 0.53605769140625 0.2115384609375 0.48798076953125 0.2115384609375 0.48798076953125 0.314903845703125 0.53605769140625 0.314903845703125 0.53605769140625 0.2115384609375
4 0.709134615234375 0.290865384765625 0.658653845703125 0.290865384765625 0.658653845703125 0.3990384609375 0.709134615234375 0.3990384609375 0.709134615234375 0.290865384765625
4 0.634615384765625 0.478365384765625 0.576923076171875 0.478365384765625 0.576923076171875 0.59375 0.634615384765625 0.59375 0.634615384765625 0.478365384765625
4 0.56730769140625 0.61298076953125 0.51201923046875 0.61298076953125 0.51201923046875 0.72355769140625 0.56730769140625 0.72355769140625 0.56730769140625 0.61298076953125
4 0.7740384609375 0.721153845703125 0.7115384609375 0.721153845703125 0.7115384609375 0.841346154296875 0.7740384609375 0.841346154296875 0.7740384609375 0.721153845703125