6 0.896484375 0.751953125 0.0869140625 0.1630859375
4 0.55859375 0.044921875 0.060546875 0.0888671875
2 0.8447265625 0.3642578125 0.09375 0.2236328125
5 0.640625 0.2802734375 0.07421875 0.1943359375
4 0.7490234375 0.40234375 0.064453125 0.1083984375
4 0.724609375 0.212890625 0.060546875 0.1083984375
4 0.7138671875 0.12109375 0.052734375 0.11328125
4 0.5537109375 0.291015625 0.05078125 0.115234375
4 0.66796875 0.5205078125 0.0625 0.123046875
3 0.4677734375 0.3916015625 0.0791015625 0.154296875
7 0.4697265625 0.615234375 0.07421875 0.158203125
11 0.384765625 0.2802734375 0.072265625 0.2041015625
9 0.546875 0.11328125 0.064453125 0.158203125
9 0.1708984375 0.6162109375 0.0869140625 0.1611328125
8 0.1787109375 0.3583984375 0.0888671875 0.216796875
12 0.2197265625 0.044921875 0.07421875 0.0888671875
12 0.265625 0.765625 0.083984375 0.1513671875
10 0.275390625 0.6298828125 0.064453125 0.125
10 0.46875 0.291015625 0.0576171875 0.115234375
10 0.306640625 0.0419921875 0.0556640625 0.083984375
10 0.3056640625 0.2041015625 0.0576171875 0.10546875
10 0.4775390625 0.7568359375 0.0693359375 0.1298828125