6 0.0849609375 0.7265625 0.087890625 0.169921875
4 0.455078125 0.025390625 0.05859375 0.05078125
2 0.150390625 0.326171875 0.099609375 0.234375
5 0.3662109375 0.244140625 0.080078125 0.201171875
4 0.248046875 0.3671875 0.068359375 0.115234375
4 0.2802734375 0.173828125 0.0625 0.111328125
4 0.294921875 0.0791015625 0.056640625 0.115234375
4 0.4521484375 0.259765625 0.0546875 0.12109375
4 0.3271484375 0.4921875 0.06640625 0.12890625
3 0.5390625 0.365234375 0.08203125 0.16015625
7 0.529296875 0.59375 0.080078125 0.166015625
11 0.6279296875 0.2509765625 0.078125 0.2109375
9 0.466796875 0.0791015625 0.06640625 0.158203125
9 0.8369140625 0.603515625 0.08984375 0.166015625
8 0.837890625 0.3369140625 0.09375 0.2265625
12 0.806640625 0.0302734375 0.07421875 0.052734375
12 0.732421875 0.75390625 0.087890625 0.158203125
10 0.728515625 0.6142578125 0.068359375 0.12890625
10 0.5400390625 0.2587890625 0.064453125 0.12109375
10 0.716796875 0.02734375 0.0546875 0.046875
10 0.7119140625 0.1748046875 0.060546875 0.111328125
10 0.5166015625 0.7412109375 0.07421875 0.134765625