6 0.1083984375 0.22265625 0.095703125 0.17578125
4 0.4580078125 0.9697265625 0.06640625 0.060546875
2 0.1552734375 0.6396484375 0.10546875 0.240234375
5 0.3740234375 0.7333984375 0.083984375 0.2109375
4 0.259765625 0.6005859375 0.072265625 0.1171875
4 0.2822265625 0.8037109375 0.06640625 0.1171875
4 0.2919921875 0.90234375 0.05859375 0.12109375
4 0.466796875 0.7236328125 0.056640625 0.125
4 0.34765625 0.4755859375 0.0703125 0.1328125
3 0.5615234375 0.6171875 0.087890625 0.166015625
7 0.5625 0.376953125 0.083984375 0.171875
11 0.6484375 0.73828125 0.080078125 0.220703125
9 0.4716796875 0.9140625 0.072265625 0.171875
9 0.8837890625 0.3818359375 0.095703125 0.173828125
8 0.869140625 0.6591796875 0.099609375 0.234375
12 0.8203125 0.97265625 0.08203125 0.0546875
12 0.7841796875 0.2197265625 0.091796875 0.1640625
10 0.771484375 0.365234375 0.072265625 0.134765625
10 0.5576171875 0.7255859375 0.064453125 0.125
10 0.7275390625 0.974609375 0.060546875 0.05078125
10 0.7314453125 0.8212890625 0.064453125 0.115234375
10 0.5576171875 0.2255859375 0.078125 0.140625