6 0.05859375 0.6513671875 0.1171875 0.193359375
2 0.1953125 0.25 0.150390625 0.259765625
5 0.4326171875 0.2060546875 0.123046875 0.224609375
4 0.2890625 0.3125 0.09375 0.130859375
4 0.3583984375 0.115234375 0.087890625 0.12890625
4 0.3896484375 0.04296875 0.080078125 0.0859375
4 0.521484375 0.2373046875 0.080078125 0.134765625
4 0.3486328125 0.4560546875 0.09375 0.14453125
3 0.591796875 0.3642578125 0.119140625 0.181640625
7 0.5380859375 0.6015625 0.115234375 0.185546875
11 0.705078125 0.263671875 0.123046875 0.234375
9 0.5654296875 0.0703125 0.095703125 0.140625
9 0.857421875 0.6708984375 0.12890625 0.19140625
8 0.9072265625 0.3935546875 0.142578125 0.25
12 0.7216796875 0.8076171875 0.125 0.1796875
10 0.7421875 0.6611328125 0.09765625 0.146484375
10 0.61328125 0.2568359375 0.087890625 0.13671875
10 0.8076171875 0.201171875 0.0859375 0.125
10 0.498046875 0.7509765625 0.103515625 0.154296875