6 0.87109375 0.716796875 0.0791015625 0.158203125
4 0.5341796875 0.0380859375 0.056640625 0.076171875
2 0.81640625 0.33984375 0.0888671875 0.21875
5 0.615234375 0.259765625 0.072265625 0.1875
4 0.7236328125 0.376953125 0.0625 0.10546875
4 0.697265625 0.1962890625 0.0576171875 0.103515625
4 0.68359375 0.107421875 0.05078125 0.1083984375
4 0.533203125 0.2724609375 0.0478515625 0.11328125
4 0.6474609375 0.4931640625 0.060546875 0.1201171875
3 0.451171875 0.3701171875 0.07421875 0.1494140625
7 0.45703125 0.583984375 0.072265625 0.154296875
11 0.369140625 0.26171875 0.0693359375 0.197265625
9 0.5224609375 0.1005859375 0.060546875 0.154296875
9 0.16796875 0.5888671875 0.08203125 0.154296875
8 0.171875 0.3388671875 0.083984375 0.2119140625
12 0.2041015625 0.0380859375 0.068359375 0.076171875
12 0.263671875 0.732421875 0.0791015625 0.146484375
10 0.26953125 0.6005859375 0.0625 0.1201171875
10 0.4521484375 0.2705078125 0.0576171875 0.11328125
10 0.2900390625 0.0361328125 0.05078125 0.072265625
10 0.2919921875 0.1884765625 0.0556640625 0.103515625
10 0.466796875 0.7236328125 0.0673828125 0.125