6 0.9453125 0.7509765625 0.08984375 0.17578125
4 0.5615234375 0.02734375 0.060546875 0.0546875
2 0.876953125 0.3388671875 0.1015625 0.2421875
5 0.6552734375 0.25390625 0.08203125 0.20703125
4 0.775390625 0.3818359375 0.0703125 0.1171875
4 0.7431640625 0.1826171875 0.06640625 0.115234375
4 0.7275390625 0.0849609375 0.05859375 0.119140625
4 0.564453125 0.2705078125 0.0546875 0.125
4 0.6943359375 0.5107421875 0.068359375 0.1328125
3 0.4755859375 0.3779296875 0.083984375 0.166015625
7 0.486328125 0.61328125 0.08203125 0.169921875
11 0.3837890625 0.2607421875 0.080078125 0.21875
9 0.5498046875 0.0830078125 0.068359375 0.166015625
9 0.1689453125 0.625 0.09375 0.169921875
8 0.16796875 0.349609375 0.09765625 0.234375
12 0.19921875 0.0322265625 0.078125 0.056640625
12 0.2763671875 0.7802734375 0.08984375 0.162109375
10 0.279296875 0.6357421875 0.0703125 0.1328125
10 0.474609375 0.2685546875 0.06640625 0.125
10 0.2919921875 0.029296875 0.056640625 0.05078125
10 0.296875 0.1826171875 0.0625 0.115234375
10 0.5 0.767578125 0.076171875 0.138671875