5 0.2275390625 0.763671875 0.080078125 0.1640625
2 0.21484375 0.6748046875 0.103515625 0.2109375
1 0.265625 0.8408203125 0.072265625 0.146484375
1 0.189453125 0.53125 0.080078125 0.146484375
6 0.2919921875 0.9296875 0.07421875 0.134765625
6 0.1533203125 0.4091796875 0.091796875 0.15234375
6 0.2978515625 0.970703125 0.056640625 0.05859375
6 0.126953125 0.2724609375 0.09375 0.150390625
4 0.390625 0.97265625 0.0546875 0.0546875
4 0.3798828125 0.9130859375 0.0546875 0.10546875
4 0.3603515625 0.826171875 0.060546875 0.111328125
4 0.341796875 0.73828125 0.060546875 0.123046875
4 0.3154296875 0.6337890625 0.056640625 0.1171875
4 0.2919921875 0.521484375 0.060546875 0.123046875
4 0.263671875 0.4013671875 0.064453125 0.123046875
4 0.236328125 0.267578125 0.068359375 0.13671875
11 0.89453125 0.7333984375 0.08984375 0.189453125
8 0.900390625 0.6396484375 0.095703125 0.220703125
7 0.8974609375 0.8173828125 0.072265625 0.1484375
7 0.9052734375 0.5029296875 0.08203125 0.162109375
9 0.8955078125 0.8994140625 0.07421875 0.140625
9 0.89453125 0.3544921875 0.087890625 0.158203125
12 0.89453125 0.2177734375 0.087890625 0.162109375
12 0.8896484375 0.9462890625 0.060546875 0.046875
10 0.810546875 0.955078125 0.05859375 0.04296875
10 0.8037109375 0.89453125 0.064453125 0.109375
10 0.796875 0.8017578125 0.060546875 0.11328125
10 0.796875 0.7060546875 0.072265625 0.115234375
10 0.7861328125 0.59375 0.072265625 0.123046875
10 0.787109375 0.48046875 0.07421875 0.11328125
10 0.77734375 0.3662109375 0.080078125 0.125
10 0.77734375 0.23046875 0.078125 0.125