5 0.216796875 0.296875 0.0625 0.146484375
2 0.2119140625 0.3798828125 0.08203125 0.1875
1 0.2431640625 0.2236328125 0.052734375 0.1298828125
1 0.203125 0.5146484375 0.060546875 0.1298828125
6 0.259765625 0.140625 0.0576171875 0.1181640625
6 0.1787109375 0.625 0.07421875 0.134765625
6 0.263671875 0.0712890625 0.05078125 0.11328125
6 0.166015625 0.75390625 0.0771484375 0.1318359375
4 0.3486328125 0.0712890625 0.04296875 0.0986328125
4 0.3427734375 0.1513671875 0.0458984375 0.095703125
4 0.33203125 0.234375 0.0478515625 0.0986328125
4 0.3232421875 0.31640625 0.0458984375 0.1083984375
4 0.30859375 0.4130859375 0.0458984375 0.10546875
4 0.296875 0.51953125 0.0458984375 0.1103515625
4 0.283203125 0.6318359375 0.0478515625 0.1103515625
4 0.26953125 0.7548828125 0.052734375 0.1201171875
11 0.83203125 0.298828125 0.0673828125 0.1708984375
8 0.84765625 0.38671875 0.0693359375 0.197265625
7 0.8271484375 0.220703125 0.052734375 0.134765625
7 0.86328125 0.5107421875 0.0625 0.1416015625
9 0.8193359375 0.1455078125 0.0576171875 0.123046875
9 0.8681640625 0.650390625 0.072265625 0.1416015625
12 0.880859375 0.779296875 0.0693359375 0.14453125
12 0.810546875 0.068359375 0.052734375 0.1083984375
10 0.7353515625 0.0693359375 0.0478515625 0.091796875
10 0.734375 0.15234375 0.05078125 0.09375
10 0.736328125 0.240234375 0.05078125 0.1005859375
10 0.7451171875 0.328125 0.0576171875 0.103515625
10 0.74609375 0.431640625 0.060546875 0.1083984375
10 0.7587890625 0.537109375 0.060546875 0.0986328125
10 0.759765625 0.642578125 0.0625 0.1083984375
10 0.771484375 0.767578125 0.0625 0.1083984375