5 0.794921875 0.259765625 0.064453125 0.154296875
2 0.798828125 0.345703125 0.083984375 0.197265625
1 0.7646484375 0.181640625 0.0576171875 0.13671875
1 0.8115234375 0.486328125 0.064453125 0.13671875
6 0.74609375 0.09375 0.060546875 0.125
6 0.8369140625 0.607421875 0.0771484375 0.1416015625
6 0.744140625 0.05078125 0.05078125 0.0576171875
6 0.849609375 0.740234375 0.0791015625 0.1396484375
4 0.654296875 0.044921875 0.0478515625 0.05078125
4 0.66015625 0.1025390625 0.0458984375 0.0986328125
4 0.671875 0.1884765625 0.05078125 0.103515625
4 0.6826171875 0.2744140625 0.0478515625 0.115234375
4 0.6982421875 0.376953125 0.0458984375 0.1103515625
4 0.7119140625 0.48828125 0.0478515625 0.115234375
4 0.728515625 0.60546875 0.052734375 0.115234375
4 0.744140625 0.736328125 0.0556640625 0.126953125
11 0.1494140625 0.2333984375 0.072265625 0.177734375
8 0.1357421875 0.322265625 0.07421875 0.20703125
7 0.154296875 0.1513671875 0.0576171875 0.1396484375
7 0.1201171875 0.453125 0.0673828125 0.1513671875
9 0.162109375 0.072265625 0.060546875 0.1298828125
9 0.1181640625 0.59765625 0.072265625 0.146484375
12 0.10546875 0.7294921875 0.072265625 0.1513671875
12 0.171875 0.0263671875 0.0556640625 0.04296875
10 0.25 0.0263671875 0.052734375 0.0380859375
10 0.25 0.083984375 0.052734375 0.1005859375
10 0.2490234375 0.17578125 0.05078125 0.10546875
10 0.2412109375 0.2666015625 0.060546875 0.10546875
10 0.2412109375 0.3759765625 0.060546875 0.11328125
10 0.23046875 0.484375 0.0625 0.103515625
10 0.23046875 0.595703125 0.0673828125 0.115234375
10 0.2197265625 0.7255859375 0.064453125 0.115234375