5 0.736328125 0.2392578125 0.09375 0.158203125
2 0.7587890625 0.3203125 0.12109375 0.203125
1 0.6953125 0.171875 0.080078125 0.140625
1 0.794921875 0.4521484375 0.0859375 0.140625
6 0.66015625 0.09375 0.08203125 0.12890625
6 0.8427734375 0.556640625 0.1015625 0.1484375
6 0.642578125 0.04296875 0.07421875 0.0859375
6 0.8828125 0.681640625 0.103515625 0.146484375
4 0.5576171875 0.0478515625 0.064453125 0.095703125
4 0.580078125 0.12109375 0.064453125 0.10546875
4 0.6083984375 0.201171875 0.068359375 0.107421875
4 0.6337890625 0.28125 0.068359375 0.1171875
4 0.6689453125 0.3740234375 0.06640625 0.115234375
4 0.7041015625 0.4765625 0.068359375 0.119140625
4 0.740234375 0.5859375 0.0703125 0.119140625
4 0.7802734375 0.705078125 0.078125 0.130859375
11 0.1259765625 0.37109375 0.103515625 0.18359375
8 0.1298828125 0.4619140625 0.111328125 0.2109375
7 0.1142578125 0.2919921875 0.080078125 0.14453125
7 0.1396484375 0.587890625 0.091796875 0.154296875
9 0.10546875 0.216796875 0.083984375 0.1328125
9 0.1640625 0.7275390625 0.1015625 0.15625
12 0.1787109375 0.857421875 0.099609375 0.158203125
12 0.0986328125 0.1376953125 0.076171875 0.1171875
10 0.1728515625 0.123046875 0.06640625 0.1015625
10 0.19140625 0.205078125 0.0703125 0.103515625
10 0.20703125 0.29296875 0.0703125 0.111328125
10 0.2177734375 0.380859375 0.078125 0.115234375
10 0.2392578125 0.484375 0.08203125 0.119140625
10 0.2490234375 0.591796875 0.080078125 0.109375
10 0.2705078125 0.697265625 0.083984375 0.12109375
10 0.2841796875 0.8232421875 0.083984375 0.12109375