5 0.228515625 0.2509765625 0.0673828125 0.15625
2 0.2255859375 0.337890625 0.091796875 0.19921875
1 0.25390625 0.1728515625 0.060546875 0.1396484375
1 0.2197265625 0.478515625 0.0693359375 0.1396484375
6 0.267578125 0.0869140625 0.064453125 0.125
6 0.19921875 0.595703125 0.08203125 0.14453125
6 0.26953125 0.0400390625 0.052734375 0.064453125
6 0.189453125 0.732421875 0.0869140625 0.1416015625
4 0.359375 0.0380859375 0.0458984375 0.0576171875
4 0.35546875 0.0986328125 0.0478515625 0.1005859375
4 0.3486328125 0.1865234375 0.052734375 0.103515625
4 0.341796875 0.271484375 0.052734375 0.115234375
4 0.3291015625 0.3740234375 0.0478515625 0.11328125
4 0.3193359375 0.484375 0.052734375 0.1181640625
4 0.3076171875 0.6044921875 0.052734375 0.1181640625
4 0.2978515625 0.734375 0.0625 0.126953125
11 0.875 0.2607421875 0.0771484375 0.1806640625
8 0.8916015625 0.3525390625 0.08203125 0.208984375
7 0.8662109375 0.1787109375 0.060546875 0.1416015625
7 0.9150390625 0.484375 0.0693359375 0.1513671875
9 0.85546875 0.0986328125 0.0625 0.1298828125
9 0.921875 0.6298828125 0.0791015625 0.1494140625
12 0.939453125 0.7646484375 0.0771484375 0.154296875
12 0.8447265625 0.05078125 0.060546875 0.052734375
10 0.7666015625 0.044921875 0.052734375 0.0458984375
10 0.767578125 0.10546875 0.0556640625 0.1005859375
10 0.7724609375 0.197265625 0.0556640625 0.10546875
10 0.78515625 0.2900390625 0.064453125 0.1083984375
10 0.7880859375 0.400390625 0.0673828125 0.11328125
10 0.8037109375 0.509765625 0.064453125 0.10546875
10 0.80859375 0.62109375 0.0693359375 0.1181640625
10 0.826171875 0.75390625 0.0693359375 0.11328125