5 0.2626953125 0.2177734375 0.087890625 0.166015625
2 0.2509765625 0.3037109375 0.115234375 0.2109375
1 0.2978515625 0.142578125 0.078125 0.146484375
1 0.2265625 0.4443359375 0.087890625 0.1484375
6 0.3232421875 0.0625 0.080078125 0.125
6 0.19140625 0.5595703125 0.099609375 0.154296875
6 0.3291015625 0.0234375 0.060546875 0.046875
6 0.1650390625 0.6953125 0.103515625 0.15234375
4 0.4208984375 0.0263671875 0.052734375 0.052734375
4 0.41015625 0.0810546875 0.060546875 0.107421875
4 0.3916015625 0.16796875 0.06640625 0.109375
4 0.3740234375 0.251953125 0.068359375 0.12109375
4 0.349609375 0.353515625 0.0625 0.119140625
4 0.326171875 0.462890625 0.068359375 0.125
4 0.298828125 0.58203125 0.068359375 0.125
4 0.2734375 0.7099609375 0.078125 0.134765625
11 0.91015625 0.3076171875 0.099609375 0.189453125
8 0.916015625 0.400390625 0.107421875 0.21875
7 0.912109375 0.2236328125 0.078125 0.150390625
7 0.9228515625 0.5361328125 0.087890625 0.16015625
9 0.9111328125 0.142578125 0.078125 0.13671875
9 0.9111328125 0.6826171875 0.09765625 0.158203125
12 0.9130859375 0.8193359375 0.095703125 0.1640625
12 0.90625 0.0927734375 0.06640625 0.060546875
10 0.828125 0.0771484375 0.05859375 0.052734375
10 0.822265625 0.1376953125 0.068359375 0.107421875
10 0.8154296875 0.23046875 0.068359375 0.11328125
10 0.8154296875 0.3251953125 0.078125 0.1171875
10 0.8056640625 0.4365234375 0.08203125 0.12109375
10 0.8076171875 0.5478515625 0.078125 0.11328125
10 0.798828125 0.6611328125 0.083984375 0.126953125
10 0.80078125 0.794921875 0.083984375 0.12109375