5 0.84375 0.3525390625 0.09765625 0.166015625
2 0.8310546875 0.439453125 0.126953125 0.212890625
1 0.8330078125 0.271484375 0.083984375 0.146484375
1 0.810546875 0.58203125 0.08984375 0.1484375
6 0.8330078125 0.1806640625 0.0859375 0.134765625
6 0.810546875 0.7021484375 0.107421875 0.15625
6 0.84375 0.1162109375 0.07421875 0.11328125
6 0.7958984375 0.837890625 0.109375 0.154296875
4 0.755859375 0.0927734375 0.064453125 0.103515625
4 0.7451171875 0.173828125 0.068359375 0.109375
4 0.73828125 0.26171875 0.072265625 0.11328125
4 0.728515625 0.3486328125 0.072265625 0.123046875
4 0.72265625 0.453125 0.0703125 0.119140625
4 0.7119140625 0.56640625 0.072265625 0.125
4 0.7001953125 0.6865234375 0.07421875 0.125
4 0.6884765625 0.81640625 0.080078125 0.13671875
11 0.205078125 0.2197265625 0.107421875 0.19140625
8 0.169921875 0.306640625 0.115234375 0.220703125
7 0.2275390625 0.1396484375 0.083984375 0.150390625
7 0.1259765625 0.4326171875 0.095703125 0.16015625
9 0.2509765625 0.06640625 0.087890625 0.1328125
9 0.0908203125 0.576171875 0.10546875 0.162109375
12 0.0498046875 0.7060546875 0.099609375 0.166015625
12 0.275390625 0.0234375 0.07421875 0.046875
10 0.3544921875 0.02734375 0.068359375 0.0546875
10 0.3388671875 0.0888671875 0.07421875 0.109375
10 0.31640625 0.1796875 0.07421875 0.1171875
10 0.2890625 0.2685546875 0.08203125 0.119140625
10 0.263671875 0.3759765625 0.0859375 0.125
10 0.228515625 0.482421875 0.083984375 0.115234375
10 0.2041015625 0.591796875 0.08984375 0.126953125
10 0.1640625 0.71875 0.08984375 0.126953125