5 0.1572265625 0.716796875 0.072265625 0.169921875
2 0.1533203125 0.6220703125 0.095703125 0.216796875
1 0.1884765625 0.8017578125 0.064453125 0.150390625
1 0.142578125 0.4697265625 0.072265625 0.150390625
6 0.2060546875 0.8984375 0.068359375 0.13671875
6 0.1181640625 0.337890625 0.0859375 0.15625
6 0.2080078125 0.9453125 0.056640625 0.0625
6 0.10546875 0.1923828125 0.087890625 0.15234375
4 0.306640625 0.9541015625 0.052734375 0.0546875
4 0.30078125 0.890625 0.05078125 0.107421875
4 0.2900390625 0.7958984375 0.056640625 0.11328125
4 0.279296875 0.703125 0.0546875 0.126953125
4 0.263671875 0.5908203125 0.052734375 0.12109375
4 0.251953125 0.4697265625 0.0546875 0.126953125
4 0.236328125 0.3408203125 0.060546875 0.126953125
4 0.220703125 0.1982421875 0.0625 0.140625
11 0.859375 0.7568359375 0.08203125 0.1953125
8 0.875 0.6611328125 0.0859375 0.2265625
7 0.8525390625 0.845703125 0.064453125 0.15234375
7 0.8955078125 0.5185546875 0.076171875 0.166015625
9 0.8408203125 0.9306640625 0.068359375 0.138671875
9 0.900390625 0.361328125 0.080078125 0.162109375
12 0.916015625 0.2177734375 0.080078125 0.166015625
12 0.8291015625 0.978515625 0.060546875 0.04296875
10 0.744140625 0.9794921875 0.05859375 0.041015625
10 0.7470703125 0.91796875 0.05859375 0.111328125
10 0.7490234375 0.8193359375 0.056640625 0.115234375
10 0.7587890625 0.7197265625 0.068359375 0.1171875
10 0.7607421875 0.6005859375 0.068359375 0.125
10 0.7744140625 0.482421875 0.0703125 0.11328125
10 0.77734375 0.361328125 0.076171875 0.126953125
10 0.7919921875 0.2197265625 0.072265625 0.126953125