5 0.818359375 0.2783203125 0.09765625 0.171875
2 0.8046875 0.3671875 0.12890625 0.220703125
1 0.806640625 0.193359375 0.0859375 0.15234375
1 0.7861328125 0.5126953125 0.095703125 0.154296875
6 0.8076171875 0.107421875 0.0859375 0.12890625
6 0.78515625 0.63671875 0.109375 0.162109375
6 0.8125 0.0673828125 0.060546875 0.048828125
6 0.771484375 0.7783203125 0.11328125 0.16015625
4 0.720703125 0.048828125 0.052734375 0.04296875
4 0.7158203125 0.0986328125 0.06640625 0.11328125
4 0.70703125 0.1904296875 0.072265625 0.115234375
4 0.69921875 0.2783203125 0.07421875 0.126953125
4 0.6923828125 0.384765625 0.0703125 0.125
4 0.6826171875 0.5 0.07421875 0.12890625
4 0.6728515625 0.6259765625 0.07421875 0.12890625
4 0.6591796875 0.759765625 0.087890625 0.142578125
11 0.154296875 0.1708984375 0.111328125 0.19921875
8 0.1201171875 0.26171875 0.12109375 0.228515625
7 0.177734375 0.0888671875 0.087890625 0.15625
7 0.0732421875 0.3935546875 0.09765625 0.16796875
9 0.2021484375 0.0400390625 0.087890625 0.080078125
9 0.046875 0.541015625 0.09375 0.16796875
12 0.025390625 0.67578125 0.05078125 0.171875
10 0.291015625 0.0439453125 0.07421875 0.087890625
10 0.2705078125 0.1240234375 0.076171875 0.119140625
10 0.2412109375 0.2177734375 0.0859375 0.123046875
10 0.2177734375 0.3291015625 0.08984375 0.126953125
10 0.181640625 0.4384765625 0.0859375 0.12109375
10 0.15625 0.552734375 0.091796875 0.1328125
10 0.115234375 0.6845703125 0.091796875 0.12890625