10 0.736328125 0.14453125 0.0458984375 0.1005859375
4 0.2958984375 0.3173828125 0.0478515625 0.10546875
2 0.2021484375 0.2646484375 0.08203125 0.220703125
4 0.48046875 0.2333984375 0.0478515625 0.1005859375
10 0.7431640625 0.0771484375 0.0625 0.10546875
4 0.416015625 0.140625 0.052734375 0.1083984375
1 0.2431640625 0.119140625 0.0625 0.13671875
11 0.734375 0.189453125 0.0791015625 0.1396484375
10 0.736328125 0.3193359375 0.064453125 0.134765625
4 0.3291015625 0.0576171875 0.0478515625 0.091796875
10 0.5849609375 0.224609375 0.05078125 0.1181640625
8 0.8544921875 0.4072265625 0.0791015625 0.1943359375
7 0.830078125 0.1455078125 0.07421875 0.1611328125
3 0.4755859375 0.322265625 0.0673828125 0.1396484375
12 0.826171875 0.09375 0.07421875 0.134765625
10 0.5556640625 0.5556640625 0.0673828125 0.1201171875
3 0.3837890625 0.306640625 0.064453125 0.1513671875
5 0.2646484375 0.4052734375 0.08203125 0.1708984375
4 0.4287109375 0.658203125 0.064453125 0.115234375
10 0.751953125 0.677734375 0.0576171875 0.115234375
6 0.2607421875 0.0517578125 0.060546875 0.083984375
4 0.3798828125 0.5361328125 0.0625 0.125
6 0.10546875 0.77734375 0.08203125 0.15625
7 0.873046875 0.67578125 0.0771484375 0.154296875
3 0.150390625 0.521484375 0.0888671875 0.134765625
9 0.8525390625 0.5517578125 0.0791015625 0.1611328125
9 0.65234375 0.3125 0.0693359375 0.154296875
10 0.744140625 0.4228515625 0.0693359375 0.1396484375
4 0.4580078125 0.439453125 0.060546875 0.1201171875
10 0.544921875 0.7958984375 0.0693359375 0.1298828125
12 0.6416015625 0.796875 0.0771484375 0.15625
4 0.216796875 0.7802734375 0.0625 0.123046875