10 0.2998046875 0.849609375 0.048828125 0.1015625
4 0.751953125 0.6484375 0.05078125 0.109375
2 0.8486328125 0.6982421875 0.087890625 0.228515625
4 0.5615234375 0.7451171875 0.048828125 0.099609375
10 0.294921875 0.9248046875 0.064453125 0.115234375
4 0.6318359375 0.8369140625 0.0546875 0.10546875
1 0.806640625 0.8486328125 0.06640625 0.142578125
11 0.302734375 0.802734375 0.08203125 0.142578125
10 0.2998046875 0.669921875 0.068359375 0.13671875
4 0.7197265625 0.919921875 0.05078125 0.099609375
10 0.45703125 0.759765625 0.0546875 0.119140625
8 0.1787109375 0.5869140625 0.087890625 0.19921875
7 0.2041015625 0.853515625 0.078125 0.166015625
3 0.568359375 0.654296875 0.07421875 0.138671875
12 0.2109375 0.9208984375 0.078125 0.158203125
10 0.4814453125 0.4189453125 0.072265625 0.125
3 0.662109375 0.6650390625 0.068359375 0.154296875
5 0.7822265625 0.5576171875 0.087890625 0.171875
4 0.609375 0.3076171875 0.068359375 0.1171875
10 0.279296875 0.3046875 0.0625 0.115234375
6 0.7900390625 0.9306640625 0.0625 0.109375
4 0.6640625 0.4306640625 0.06640625 0.12890625
6 0.9404296875 0.1669921875 0.0859375 0.158203125
7 0.15625 0.3125 0.083984375 0.15625
3 0.8984375 0.4306640625 0.095703125 0.13671875
9 0.177734375 0.439453125 0.083984375 0.1640625
9 0.384765625 0.6728515625 0.072265625 0.15625
10 0.2900390625 0.5654296875 0.07421875 0.138671875
4 0.5830078125 0.5322265625 0.064453125 0.123046875
10 0.490234375 0.173828125 0.07421875 0.1328125
12 0.3896484375 0.1767578125 0.083984375 0.158203125
4 0.826171875 0.171875 0.06640625 0.125