10 0.77734375 0.0546875 0.05859375 0.109375
4 0.3037109375 0.2763671875 0.060546875 0.12109375
2 0.1962890625 0.2255859375 0.107421875 0.25
4 0.5009765625 0.1689453125 0.060546875 0.115234375
10 0.7802734375 0.0185546875 0.072265625 0.037109375
4 0.421875 0.0712890625 0.06640625 0.123046875
1 0.2294921875 0.0771484375 0.078125 0.123046875
11 0.77734375 0.1015625 0.09765625 0.16015625
10 0.7900390625 0.2451171875 0.08203125 0.154296875
4 0.3232421875 0.0244140625 0.0546875 0.029296875
10 0.615234375 0.15234375 0.064453125 0.1328125
8 0.9267578125 0.3330078125 0.103515625 0.220703125
7 0.880859375 0.068359375 0.09375 0.13671875
3 0.501953125 0.267578125 0.083984375 0.158203125
12 0.8701171875 0.0322265625 0.087890625 0.064453125
10 0.6083984375 0.5185546875 0.083984375 0.13671875
3 0.3984375 0.2578125 0.083984375 0.171875
5 0.275390625 0.3759765625 0.103515625 0.1953125
4 0.4765625 0.642578125 0.080078125 0.1328125
10 0.8349609375 0.638671875 0.072265625 0.1328125
4 0.4130859375 0.5107421875 0.078125 0.142578125
6 0.12890625 0.798828125 0.103515625 0.1796875
7 0.958984375 0.626953125 0.08203125 0.17578125
3 0.158203125 0.5126953125 0.109375 0.15625
9 0.935546875 0.4921875 0.099609375 0.18359375
9 0.6962890625 0.2431640625 0.087890625 0.17578125
10 0.806640625 0.3583984375 0.087890625 0.16015625
4 0.4921875 0.3994140625 0.076171875 0.13671875
10 0.615234375 0.7861328125 0.087890625 0.1484375
12 0.7216796875 0.779296875 0.09765625 0.177734375
4 0.2509765625 0.79296875 0.078125 0.140625