10 0.705078125 0.1572265625 0.0458984375 0.0986328125
4 0.26171875 0.345703125 0.0478515625 0.10546875
2 0.16796875 0.2958984375 0.08203125 0.220703125
4 0.4482421875 0.2548828125 0.0458984375 0.095703125
10 0.712890625 0.083984375 0.060546875 0.1103515625
4 0.3818359375 0.1650390625 0.052734375 0.103515625
1 0.2119140625 0.150390625 0.0625 0.13671875
11 0.7021484375 0.203125 0.0771484375 0.13671875
10 0.703125 0.3330078125 0.064453125 0.1318359375
4 0.2978515625 0.08203125 0.0478515625 0.095703125
10 0.5517578125 0.2431640625 0.05078125 0.115234375
8 0.8193359375 0.416015625 0.08203125 0.1923828125
7 0.798828125 0.1552734375 0.07421875 0.1611328125
3 0.44140625 0.34375 0.0693359375 0.134765625
12 0.794921875 0.087890625 0.07421875 0.15625
10 0.521484375 0.57421875 0.0673828125 0.1201171875
3 0.349609375 0.33203125 0.064453125 0.1494140625
5 0.23046875 0.43359375 0.08203125 0.166015625
4 0.3955078125 0.681640625 0.064453125 0.11328125
10 0.716796875 0.689453125 0.0576171875 0.1103515625
6 0.2294921875 0.0693359375 0.060546875 0.10546875
4 0.34375 0.560546875 0.0625 0.125
6 0.0693359375 0.8125 0.08203125 0.154296875
7 0.837890625 0.68359375 0.0791015625 0.1513671875
3 0.115234375 0.556640625 0.091796875 0.1318359375
9 0.818359375 0.560546875 0.0791015625 0.158203125
9 0.6201171875 0.328125 0.0673828125 0.1513671875
10 0.7099609375 0.435546875 0.0693359375 0.134765625
4 0.423828125 0.462890625 0.060546875 0.1181640625
10 0.5087890625 0.8134765625 0.0693359375 0.126953125
12 0.607421875 0.8125 0.0791015625 0.154296875
4 0.1806640625 0.810546875 0.0625 0.1201171875