10 0.224609375 0.794921875 0.06640625 0.107421875
4 0.708984375 0.7001953125 0.0703125 0.115234375
2 0.79296875 0.7705078125 0.12890625 0.23828125
4 0.5029296875 0.751953125 0.06640625 0.10546875
10 0.201171875 0.8671875 0.083984375 0.123046875
4 0.5498046875 0.857421875 0.07421875 0.115234375
1 0.7177734375 0.908203125 0.091796875 0.150390625
11 0.23828125 0.75 0.107421875 0.154296875
10 0.263671875 0.619140625 0.09375 0.146484375
4 0.6162109375 0.9521484375 0.068359375 0.095703125
10 0.396484375 0.7421875 0.07421875 0.126953125
8 0.1650390625 0.51171875 0.123046875 0.2109375
7 0.130859375 0.7783203125 0.109375 0.177734375
3 0.529296875 0.6650390625 0.09765625 0.150390625
12 0.12109375 0.8466796875 0.107421875 0.171875
10 0.498046875 0.4169921875 0.09375 0.134765625
3 0.6181640625 0.697265625 0.095703125 0.162109375
5 0.7587890625 0.619140625 0.1171875 0.18359375
4 0.646484375 0.3369140625 0.08984375 0.126953125
10 0.3271484375 0.259765625 0.08203125 0.123046875
6 0.681640625 0.9619140625 0.08203125 0.076171875
4 0.6728515625 0.46875 0.08984375 0.138671875
6 0.9716796875 0.2734375 0.056640625 0.171875
7 0.2041015625 0.2392578125 0.111328125 0.16796875
3 0.900390625 0.521484375 0.119140625 0.15234375
9 0.1962890625 0.3671875 0.11328125 0.17578125
9 0.345703125 0.6416015625 0.099609375 0.166015625
10 0.279296875 0.515625 0.09765625 0.150390625
4 0.5712890625 0.548828125 0.0859375 0.130859375
10 0.5625 0.1796875 0.09765625 0.142578125
12 0.462890625 0.1591796875 0.111328125 0.169921875
4 0.8896484375 0.2529296875 0.087890625 0.1328125