10 0.7626953125 0.8505859375 0.056640625 0.109375
4 0.2900390625 0.7119140625 0.05859375 0.115234375
2 0.197265625 0.7744140625 0.10546875 0.236328125
4 0.4892578125 0.7822265625 0.05859375 0.109375
10 0.775390625 0.919921875 0.07421875 0.115234375
4 0.4306640625 0.8837890625 0.064453125 0.1171875
1 0.25390625 0.921875 0.078125 0.1484375
11 0.755859375 0.8037109375 0.09375 0.150390625
10 0.7470703125 0.669921875 0.080078125 0.14453125
4 0.3486328125 0.962890625 0.056640625 0.07421875
10 0.599609375 0.78125 0.0625 0.126953125
8 0.8603515625 0.5673828125 0.099609375 0.208984375
7 0.8603515625 0.8408203125 0.091796875 0.173828125
3 0.4765625 0.6904296875 0.08203125 0.150390625
12 0.8603515625 0.89453125 0.08984375 0.146484375
10 0.5380859375 0.44140625 0.080078125 0.130859375
3 0.3818359375 0.71484375 0.080078125 0.162109375
5 0.25 0.6240234375 0.099609375 0.18359375
4 0.3974609375 0.3466796875 0.078125 0.125
10 0.73046875 0.296875 0.0703125 0.125
6 0.2763671875 0.9716796875 0.068359375 0.056640625
4 0.357421875 0.4775390625 0.076171875 0.134765625
6 0.0517578125 0.251953125 0.099609375 0.16796875
7 0.85546875 0.2880859375 0.09375 0.166015625
3 0.12109375 0.513671875 0.10546875 0.146484375
9 0.845703125 0.4189453125 0.095703125 0.173828125
9 0.66015625 0.68359375 0.0859375 0.166015625
10 0.744140625 0.560546875 0.083984375 0.150390625
4 0.447265625 0.5703125 0.072265625 0.130859375
10 0.5048828125 0.193359375 0.083984375 0.140625
12 0.60546875 0.1826171875 0.09375 0.16796875
4 0.166015625 0.2392578125 0.076171875 0.1328125