2 0.7763671875 0.26171875 0.08203125 0.20703125
5 0.705078125 0.39453125 0.0791015625 0.1923828125
6 0.865234375 0.78125 0.0869140625 0.14453125
6 0.7275390625 0.048828125 0.068359375 0.09765625
1 0.3369140625 0.5244140625 0.072265625 0.154296875
1 0.6396484375 0.052734375 0.0576171875 0.10546875
3 0.59765625 0.310546875 0.064453125 0.154296875
3 0.6474609375 0.65234375 0.07421875 0.146484375
4 0.5947265625 0.529296875 0.064453125 0.125
4 0.7509765625 0.783203125 0.0693359375 0.1201171875
4 0.6806640625 0.3125 0.0478515625 0.115234375
4 0.5625 0.134765625 0.0478515625 0.115234375
4 0.4853515625 0.048828125 0.056640625 0.09765625
4 0.498046875 0.2255859375 0.052734375 0.1201171875
4 0.330078125 0.4287109375 0.05078125 0.11328125
4 0.5400390625 0.6572265625 0.0556640625 0.123046875
12 0.1513671875 0.0537109375 0.060546875 0.107421875
12 0.3291015625 0.779296875 0.072265625 0.154296875
11 0.240234375 0.18359375 0.0771484375 0.1806640625
8 0.123046875 0.3818359375 0.08203125 0.20703125
7 0.142578125 0.1083984375 0.064453125 0.1494140625
7 0.1103515625 0.658203125 0.0771484375 0.1494140625
9 0.126953125 0.53125 0.08203125 0.14453125
9 0.326171875 0.2978515625 0.064453125 0.1396484375
10 0.392578125 0.20703125 0.0556640625 0.115234375
10 0.3837890625 0.046875 0.05078125 0.09375
10 0.236328125 0.123046875 0.0556640625 0.10546875
10 0.228515625 0.3115234375 0.052734375 0.1181640625
10 0.220703125 0.662109375 0.0625 0.123046875
10 0.228515625 0.4130859375 0.0625 0.1201171875
10 0.4169921875 0.54296875 0.0556640625 0.1201171875
10 0.4365234375 0.794921875 0.064453125 0.126953125