2 0.7861328125 0.1640625 0.1171875 0.236328125
5 0.7265625 0.3173828125 0.111328125 0.220703125
6 0.947265625 0.7177734375 0.10546875 0.169921875
1 0.3408203125 0.5087890625 0.099609375 0.177734375
1 0.61328125 0.0078125 0.06640625 0.015625
3 0.5966796875 0.240234375 0.091796875 0.17578125
3 0.6982421875 0.607421875 0.1015625 0.169921875
4 0.6240234375 0.4794921875 0.087890625 0.14453125
4 0.8291015625 0.7373046875 0.091796875 0.140625
4 0.6884765625 0.2314453125 0.068359375 0.1328125
4 0.5361328125 0.0595703125 0.068359375 0.119140625
4 0.4775390625 0.1611328125 0.07421875 0.138671875
4 0.322265625 0.4052734375 0.0703125 0.12890625
4 0.5810546875 0.6279296875 0.076171875 0.140625
12 0.08203125 0.0634765625 0.0703125 0.0390625
12 0.3671875 0.7880859375 0.099609375 0.177734375
11 0.1904296875 0.150390625 0.109375 0.20703125
8 0.087890625 0.3828125 0.1171875 0.236328125
7 0.0771484375 0.10546875 0.083984375 0.12109375
7 0.1123046875 0.6865234375 0.103515625 0.173828125
9 0.1142578125 0.544921875 0.109375 0.16796875
9 0.298828125 0.263671875 0.08984375 0.16015625
10 0.3603515625 0.1552734375 0.076171875 0.1328125
10 0.1787109375 0.0888671875 0.072265625 0.111328125
10 0.1953125 0.2900390625 0.07421875 0.13671875
10 0.2333984375 0.67578125 0.083984375 0.142578125
10 0.208984375 0.4033203125 0.083984375 0.138671875
10 0.431640625 0.51953125 0.076171875 0.138671875
10 0.486328125 0.791015625 0.087890625 0.1484375