2 0.79296875 0.744140625 0.09375 0.220703125
5 0.712890625 0.6064453125 0.091796875 0.205078125
6 0.8671875 0.193359375 0.09765625 0.15625
6 0.7490234375 0.9541015625 0.07421875 0.076171875
1 0.318359375 0.4833984375 0.08203125 0.1640625
1 0.6552734375 0.9541015625 0.0625 0.083984375
3 0.6015625 0.69921875 0.07421875 0.1640625
3 0.642578125 0.3369140625 0.083984375 0.158203125
4 0.591796875 0.46875 0.072265625 0.134765625
4 0.7470703125 0.1943359375 0.078125 0.12890625
4 0.689453125 0.693359375 0.0546875 0.123046875
4 0.572265625 0.88671875 0.0546875 0.123046875
4 0.4951171875 0.9619140625 0.060546875 0.076171875
4 0.5 0.7919921875 0.060546875 0.12890625
4 0.31640625 0.583984375 0.05859375 0.12109375
4 0.5283203125 0.3349609375 0.0625 0.1328125
12 0.142578125 0.9638671875 0.06640625 0.072265625
12 0.302734375 0.21484375 0.08203125 0.1640625
11 0.23046875 0.845703125 0.087890625 0.193359375
8 0.0986328125 0.640625 0.09375 0.220703125
7 0.12890625 0.923828125 0.07421875 0.15234375
7 0.0751953125 0.349609375 0.0859375 0.16015625
9 0.09765625 0.4833984375 0.091796875 0.154296875
9 0.31640625 0.72265625 0.07421875 0.150390625
10 0.390625 0.81640625 0.0625 0.125
10 0.3857421875 0.966796875 0.056640625 0.06640625
10 0.2294921875 0.9111328125 0.0625 0.11328125
10 0.212890625 0.7119140625 0.060546875 0.125
10 0.1923828125 0.341796875 0.0703125 0.1328125
10 0.2099609375 0.603515625 0.0703125 0.12890625
10 0.404296875 0.4599609375 0.0625 0.12890625
10 0.4140625 0.1943359375 0.072265625 0.13671875