6 0.255859375 0.0771484375 0.060546875 0.125
6 0.1259765625 0.783203125 0.0791015625 0.1396484375
2 0.2119140625 0.29296875 0.0771484375 0.2021484375
5 0.2744140625 0.4072265625 0.072265625 0.1708984375
4 0.3017578125 0.33984375 0.0458984375 0.1083984375
4 0.2333984375 0.78515625 0.0576171875 0.11328125
3 0.162109375 0.54296875 0.07421875 0.1298828125
3 0.37890625 0.337890625 0.060546875 0.1416015625
1 0.3369140625 0.076171875 0.0576171875 0.1416015625
1 0.470703125 0.3330078125 0.0625 0.1416015625
4 0.484375 0.0849609375 0.0458984375 0.103515625
4 0.412109375 0.171875 0.0458984375 0.103515625
4 0.474609375 0.2646484375 0.05078125 0.10546875
4 0.4521484375 0.4462890625 0.0478515625 0.1083984375
4 0.3837890625 0.5478515625 0.05078125 0.115234375
4 0.4375 0.671875 0.0576171875 0.1181640625
9 0.6396484375 0.33203125 0.0625 0.1396484375
9 0.830078125 0.5556640625 0.0791015625 0.134765625
8 0.8271484375 0.416015625 0.0771484375 0.197265625
7 0.8447265625 0.6767578125 0.0693359375 0.1416015625
7 0.80859375 0.154296875 0.060546875 0.1396484375
12 0.798828125 0.09375 0.05078125 0.125
12 0.6357421875 0.787109375 0.0693359375 0.1416015625
10 0.7392578125 0.677734375 0.0556640625 0.1103515625
10 0.73046875 0.443359375 0.0576171875 0.103515625
10 0.7294921875 0.3447265625 0.0556640625 0.103515625
11 0.7197265625 0.2236328125 0.07421875 0.16796875
10 0.71875 0.1630859375 0.04296875 0.095703125
10 0.580078125 0.0849609375 0.0458984375 0.103515625
10 0.57421875 0.244140625 0.0478515625 0.103515625
10 0.5556640625 0.5634765625 0.052734375 0.11328125
10 0.5322265625 0.7958984375 0.060546875 0.115234375