6 0.802734375 0.80859375 0.11328125 0.173828125
2 0.7900390625 0.22265625 0.1171875 0.244140625
5 0.6962890625 0.345703125 0.103515625 0.208984375
4 0.67578125 0.263671875 0.06640625 0.130859375
4 0.6767578125 0.794921875 0.083984375 0.140625
3 0.802734375 0.5224609375 0.107421875 0.162109375
3 0.5859375 0.2509765625 0.087890625 0.17578125
1 0.4775390625 0.2314453125 0.09765625 0.17578125
4 0.5751953125 0.0595703125 0.068359375 0.11328125
4 0.486328125 0.150390625 0.07421875 0.134765625
4 0.478515625 0.3662109375 0.072265625 0.130859375
4 0.54296875 0.4951171875 0.076171875 0.142578125
4 0.45703125 0.6328125 0.083984375 0.146484375
9 0.279296875 0.205078125 0.091796875 0.171875
9 0.0361328125 0.443359375 0.072265625 0.1640625
8 0.0556640625 0.2783203125 0.09375 0.240234375
7 0.0126953125 0.5859375 0.025390625 0.171875
7 0.109375 0.029296875 0.0859375 0.05859375
12 0.201171875 0.7421875 0.103515625 0.177734375
10 0.0986328125 0.6005859375 0.080078125 0.138671875
10 0.1533203125 0.326171875 0.08203125 0.130859375
10 0.1708984375 0.2099609375 0.076171875 0.126953125
11 0.2041015625 0.0859375 0.111328125 0.171875
10 0.212890625 0.0283203125 0.0625 0.056640625
10 0.373046875 0.1123046875 0.072265625 0.130859375
10 0.3369140625 0.490234375 0.08203125 0.140625
10 0.3212890625 0.767578125 0.0859375 0.146484375