6 0.3046875 0.025390625 0.0703125 0.05078125
6 0.125 0.7275390625 0.1015625 0.15625
2 0.2451171875 0.2119140625 0.107421875 0.220703125
5 0.3056640625 0.3388671875 0.09375 0.189453125
4 0.3388671875 0.26953125 0.060546875 0.119140625
4 0.23828125 0.73828125 0.076171875 0.126953125
3 0.177734375 0.474609375 0.09765625 0.146484375
3 0.421875 0.275390625 0.080078125 0.158203125
1 0.388671875 0.0322265625 0.0625 0.064453125
1 0.521484375 0.279296875 0.08984375 0.16015625
4 0.546875 0.0361328125 0.056640625 0.072265625
4 0.4677734375 0.1005859375 0.0625 0.115234375
4 0.52734375 0.205078125 0.068359375 0.12109375
4 0.494140625 0.3984375 0.064453125 0.119140625
4 0.4140625 0.5 0.068359375 0.12890625
4 0.4638671875 0.6376953125 0.076171875 0.1328125
9 0.69921875 0.29296875 0.083984375 0.154296875
9 0.8876953125 0.5517578125 0.1015625 0.15234375
8 0.89453125 0.4013671875 0.107421875 0.21875
7 0.8984375 0.6845703125 0.09375 0.16015625
7 0.8916015625 0.1201171875 0.083984375 0.154296875
12 0.8828125 0.080078125 0.064453125 0.08984375
12 0.66796875 0.783203125 0.09375 0.16015625
10 0.78515625 0.6748046875 0.072265625 0.125
10 0.7890625 0.4228515625 0.07421875 0.1171875
10 0.794921875 0.318359375 0.0703125 0.115234375
11 0.791015625 0.1865234375 0.1015625 0.1875
10 0.7958984375 0.1240234375 0.05859375 0.10546875
10 0.6494140625 0.046875 0.060546875 0.07421875
10 0.634765625 0.193359375 0.064453125 0.119140625
10 0.595703125 0.5341796875 0.072265625 0.126953125
10 0.556640625 0.7822265625 0.078125 0.1328125