6 0.740234375 0.0400390625 0.0625 0.0791015625
6 0.84375 0.765625 0.0869140625 0.146484375
2 0.77734375 0.2451171875 0.083984375 0.2119140625
5 0.705078125 0.3642578125 0.07421875 0.1806640625
4 0.6806640625 0.2919921875 0.0478515625 0.11328125
4 0.73046875 0.7646484375 0.0625 0.1201171875
3 0.8173828125 0.5107421875 0.08203125 0.13671875
3 0.5986328125 0.2900390625 0.0625 0.1513671875
1 0.6552734375 0.041015625 0.0556640625 0.08203125
1 0.5 0.2822265625 0.072265625 0.1513671875
4 0.5 0.037109375 0.0478515625 0.07421875
4 0.5712890625 0.11328125 0.05078125 0.1103515625
4 0.5009765625 0.208984375 0.0556640625 0.115234375
4 0.5146484375 0.40234375 0.052734375 0.11328125
4 0.5830078125 0.5107421875 0.0556640625 0.123046875
4 0.51953125 0.6416015625 0.0625 0.125
9 0.322265625 0.27734375 0.0673828125 0.146484375
9 0.1103515625 0.513671875 0.0869140625 0.1416015625
8 0.119140625 0.3642578125 0.083984375 0.208984375
7 0.0869140625 0.642578125 0.0771484375 0.1513671875
7 0.1513671875 0.087890625 0.0673828125 0.146484375
12 0.1650390625 0.0458984375 0.0556640625 0.091796875
12 0.302734375 0.763671875 0.0771484375 0.1513671875
10 0.1982421875 0.6455078125 0.060546875 0.1181640625
10 0.220703125 0.396484375 0.0625 0.1103515625
10 0.2255859375 0.2919921875 0.0576171875 0.1083984375
11 0.2431640625 0.1630859375 0.08203125 0.177734375
10 0.2451171875 0.1005859375 0.0478515625 0.1005859375
10 0.396484375 0.037109375 0.052734375 0.07421875
10 0.396484375 0.1865234375 0.052734375 0.11328125
10 0.400390625 0.5263671875 0.060546875 0.1201171875
10 0.412109375 0.7744140625 0.064453125 0.125