6 0.30859375 0.9404296875 0.07421875 0.119140625
6 0.115234375 0.1943359375 0.095703125 0.15625
2 0.2451171875 0.7197265625 0.099609375 0.224609375
5 0.3046875 0.5908203125 0.091796875 0.19140625
4 0.3388671875 0.662109375 0.05859375 0.12109375
4 0.2314453125 0.18359375 0.0703125 0.126953125
3 0.1728515625 0.4521484375 0.08984375 0.146484375
3 0.4228515625 0.6591796875 0.076171875 0.158203125
1 0.3955078125 0.93359375 0.072265625 0.1328125
1 0.5234375 0.6572265625 0.078125 0.158203125
4 0.556640625 0.9248046875 0.056640625 0.115234375
4 0.47265625 0.8369140625 0.056640625 0.115234375
4 0.533203125 0.7314453125 0.0625 0.119140625
4 0.4951171875 0.53515625 0.060546875 0.12109375
4 0.4130859375 0.4296875 0.0625 0.12890625
4 0.4619140625 0.291015625 0.0703125 0.1328125
9 0.70703125 0.646484375 0.078125 0.15625
9 0.8974609375 0.3876953125 0.095703125 0.15234375
8 0.904296875 0.5400390625 0.099609375 0.220703125
7 0.904296875 0.255859375 0.0859375 0.16015625
7 0.904296875 0.826171875 0.076171875 0.15625
12 0.8984375 0.892578125 0.064453125 0.138671875
12 0.6689453125 0.1513671875 0.0859375 0.16015625
10 0.7890625 0.2626953125 0.068359375 0.125
10 0.7978515625 0.517578125 0.0703125 0.1171875
10 0.8046875 0.625 0.068359375 0.1171875
11 0.802734375 0.7568359375 0.09375 0.189453125
10 0.806640625 0.822265625 0.0546875 0.107421875
10 0.6611328125 0.91796875 0.056640625 0.115234375
10 0.6435546875 0.7451171875 0.060546875 0.115234375
10 0.59765625 0.400390625 0.06640625 0.126953125
10 0.5556640625 0.1494140625 0.07421875 0.130859375