6 0.751953125 0.08203125 0.0625 0.1298828125
6 0.8974609375 0.82421875 0.083984375 0.14453125
2 0.802734375 0.30859375 0.08203125 0.208984375
5 0.7392578125 0.427734375 0.07421875 0.177734375
4 0.70703125 0.3583984375 0.0478515625 0.1103515625
4 0.7861328125 0.8232421875 0.0625 0.1181640625
3 0.857421875 0.572265625 0.0791015625 0.134765625
3 0.626953125 0.3544921875 0.0625 0.146484375
1 0.66796875 0.0771484375 0.0576171875 0.14453125
1 0.5302734375 0.3486328125 0.0693359375 0.1494140625
4 0.513671875 0.087890625 0.05078125 0.1083984375
4 0.591796875 0.177734375 0.0478515625 0.1103515625
4 0.5263671875 0.275390625 0.052734375 0.11328125
4 0.55078125 0.46484375 0.052734375 0.11328125
4 0.625 0.5732421875 0.052734375 0.1181640625
4 0.568359375 0.703125 0.060546875 0.123046875
9 0.353515625 0.3427734375 0.0673828125 0.146484375
9 0.1572265625 0.576171875 0.083984375 0.1416015625
8 0.15625 0.427734375 0.08203125 0.20703125
7 0.1416015625 0.7021484375 0.0771484375 0.1494140625
7 0.173828125 0.15625 0.064453125 0.14453125
12 0.18359375 0.091796875 0.0556640625 0.1298828125
12 0.36328125 0.822265625 0.0771484375 0.1494140625
10 0.25390625 0.705078125 0.060546875 0.1181640625
10 0.259765625 0.4599609375 0.0625 0.1083984375
10 0.259765625 0.357421875 0.0576171875 0.1083984375
11 0.267578125 0.2294921875 0.0791015625 0.17578125
10 0.2666015625 0.16796875 0.0478515625 0.1005859375
10 0.412109375 0.0869140625 0.05078125 0.10546875
10 0.4208984375 0.251953125 0.052734375 0.1103515625
10 0.4443359375 0.587890625 0.0576171875 0.1181640625
10 0.4697265625 0.83203125 0.064453125 0.1201171875