6 0.201171875 0.9111328125 0.078125 0.125
6 0.1298828125 0.1240234375 0.103515625 0.16015625
2 0.1728515625 0.67578125 0.109375 0.228515625
5 0.251953125 0.55859375 0.09765625 0.1953125
4 0.2783203125 0.634765625 0.0625 0.12109375
4 0.2470703125 0.1376953125 0.078125 0.130859375
3 0.14453125 0.3935546875 0.09765625 0.150390625
3 0.361328125 0.6474609375 0.08203125 0.162109375
1 0.2900390625 0.919921875 0.072265625 0.126953125
1 0.4638671875 0.6650390625 0.08984375 0.1640625
4 0.453125 0.9404296875 0.06640625 0.119140625
4 0.3798828125 0.8369140625 0.0625 0.12109375
4 0.458984375 0.7421875 0.068359375 0.125
4 0.455078125 0.5390625 0.068359375 0.125
4 0.388671875 0.4189453125 0.068359375 0.12890625
4 0.4619140625 0.2880859375 0.076171875 0.13671875
9 0.6484375 0.6904296875 0.087890625 0.162109375
9 0.8798828125 0.466796875 0.103515625 0.158203125
8 0.865234375 0.623046875 0.107421875 0.2265625
7 0.91015625 0.3359375 0.09765625 0.1640625
7 0.8154296875 0.9052734375 0.083984375 0.158203125
12 0.7998046875 0.951171875 0.072265625 0.09765625
12 0.69140625 0.1865234375 0.09765625 0.1640625
10 0.79296875 0.3203125 0.076171875 0.130859375
10 0.759765625 0.5771484375 0.078125 0.12109375
10 0.7490234375 0.685546875 0.072265625 0.119140625
11 0.7255859375 0.818359375 0.103515625 0.193359375
10 0.7197265625 0.8828125 0.0625 0.111328125
10 0.5576171875 0.947265625 0.064453125 0.10546875
10 0.568359375 0.77734375 0.068359375 0.123046875
10 0.580078125 0.4228515625 0.072265625 0.12890625
10 0.5791015625 0.1640625 0.08203125 0.1328125