6 0.232421875 0.9326171875 0.064453125 0.126953125
6 0.109375 0.1943359375 0.0859375 0.146484375
2 0.189453125 0.7080078125 0.083984375 0.212890625
5 0.2568359375 0.58984375 0.078125 0.1796875
4 0.28515625 0.6611328125 0.05078125 0.11328125
4 0.220703125 0.1953125 0.0625 0.119140625
3 0.142578125 0.4462890625 0.080078125 0.13671875
3 0.365234375 0.6650390625 0.064453125 0.150390625
1 0.31640625 0.9306640625 0.0625 0.134765625
1 0.4619140625 0.6708984375 0.068359375 0.150390625
4 0.470703125 0.9306640625 0.048828125 0.109375
4 0.3974609375 0.8388671875 0.048828125 0.109375
4 0.46484375 0.7431640625 0.0546875 0.111328125
4 0.443359375 0.552734375 0.052734375 0.11328125
4 0.3740234375 0.4453125 0.0546875 0.12109375
4 0.4326171875 0.31640625 0.0625 0.125
9 0.6376953125 0.67578125 0.068359375 0.146484375
9 0.841796875 0.4453125 0.0859375 0.142578125
8 0.8349609375 0.5908203125 0.083984375 0.20703125
7 0.8583984375 0.318359375 0.076171875 0.150390625
7 0.8115234375 0.865234375 0.064453125 0.146484375
12 0.7998046875 0.9267578125 0.0546875 0.130859375
12 0.6416015625 0.19921875 0.076171875 0.150390625
10 0.748046875 0.3154296875 0.060546875 0.1171875
10 0.7353515625 0.560546875 0.0625 0.109375
10 0.732421875 0.6630859375 0.05859375 0.109375
11 0.7197265625 0.7900390625 0.08203125 0.177734375
10 0.7177734375 0.853515625 0.046875 0.1015625
10 0.5712890625 0.931640625 0.048828125 0.109375
10 0.568359375 0.765625 0.05078125 0.109375
10 0.5537109375 0.431640625 0.05859375 0.119140625
10 0.53515625 0.189453125 0.064453125 0.12109375