6 0.865234375 0.1181640625 0.0859375 0.11328125
6 0.8564453125 0.904296875 0.119140625 0.16796875
2 0.8720703125 0.3486328125 0.130859375 0.234375
5 0.7783203125 0.45703125 0.1171875 0.201171875
4 0.7607421875 0.3779296875 0.07421875 0.125
4 0.740234375 0.87890625 0.091796875 0.13671875
3 0.869140625 0.6337890625 0.111328125 0.15625
3 0.6796875 0.3564453125 0.09765625 0.166015625
1 0.77734375 0.1015625 0.08203125 0.115234375
1 0.5791015625 0.3291015625 0.10546875 0.169921875
4 0.6181640625 0.0634765625 0.072265625 0.10546875
4 0.6806640625 0.1650390625 0.07421875 0.125
4 0.591796875 0.251953125 0.080078125 0.12890625
4 0.57421875 0.455078125 0.080078125 0.12890625
4 0.6279296875 0.5830078125 0.080078125 0.134765625
4 0.541015625 0.705078125 0.08984375 0.140625
9 0.3974609375 0.283203125 0.1015625 0.166015625
9 0.142578125 0.482421875 0.119140625 0.166015625
8 0.173828125 0.3291015625 0.130859375 0.232421875
7 0.0986328125 0.6103515625 0.11328125 0.171875
7 0.2509765625 0.06640625 0.099609375 0.1328125
12 0.2724609375 0.029296875 0.080078125 0.05859375
12 0.3017578125 0.7841796875 0.11328125 0.171875
10 0.2138671875 0.638671875 0.087890625 0.134765625
10 0.2734375 0.384765625 0.08984375 0.126953125
10 0.296875 0.2783203125 0.083984375 0.125
11 0.3330078125 0.1484375 0.12109375 0.19921875
10 0.345703125 0.083984375 0.072265625 0.115234375
10 0.5107421875 0.044921875 0.072265625 0.08984375
10 0.4873046875 0.205078125 0.078125 0.126953125
10 0.4375 0.55859375 0.0859375 0.134765625
10 0.41015625 0.8173828125 0.09375 0.138671875