2 0.2197265625 0.29296875 0.0791015625 0.20703125
3 0.396484375 0.3271484375 0.0576171875 0.1494140625
3 0.556640625 0.7724609375 0.0693359375 0.166015625
6 0.4208984375 0.0634765625 0.0576171875 0.126953125
6 0.470703125 0.421875 0.0625 0.1416015625
4 0.25 0.7822265625 0.0625 0.126953125
4 0.306640625 0.3330078125 0.0556640625 0.11328125
4 0.384765625 0.53125 0.052734375 0.1201171875
4 0.453125 0.65625 0.060546875 0.1201171875
4 0.4775390625 0.2490234375 0.0556640625 0.1083984375
4 0.5009765625 0.154296875 0.05078125 0.115234375
1 0.39453125 0.14453125 0.052734375 0.154296875
1 0.642578125 0.5244140625 0.0693359375 0.154296875
11 0.6474609375 0.125 0.060546875 0.1826171875
9 0.7646484375 0.7763671875 0.0771484375 0.16796875
9 0.646484375 0.3056640625 0.0625 0.1396484375
7 0.640625 0.4130859375 0.060546875 0.14453125
7 0.814453125 0.123046875 0.072265625 0.1494140625
12 0.80078125 0.0625 0.0576171875 0.125
8 0.837890625 0.380859375 0.0791015625 0.208984375
10 0.583984375 0.0634765625 0.052734375 0.11328125
10 0.7236328125 0.142578125 0.052734375 0.1083984375
10 0.7392578125 0.31640625 0.05078125 0.103515625
10 0.740234375 0.4150390625 0.052734375 0.11328125
10 0.7509765625 0.6513671875 0.060546875 0.1201171875