2 0.11328125 0.7080078125 0.125 0.244140625
3 0.318359375 0.685546875 0.091796875 0.177734375
3 0.5771484375 0.19921875 0.107421875 0.197265625
6 0.3046875 0.943359375 0.080078125 0.080078125
6 0.419921875 0.5849609375 0.095703125 0.169921875
4 0.2294921875 0.1611328125 0.09375 0.15234375
4 0.21875 0.669921875 0.080078125 0.13671875
4 0.33984375 0.453125 0.078125 0.142578125
4 0.439453125 0.3212890625 0.087890625 0.140625
4 0.3955078125 0.779296875 0.08203125 0.12890625
4 0.4052734375 0.8896484375 0.076171875 0.1328125
1 0.2841796875 0.890625 0.087890625 0.1796875
1 0.6318359375 0.486328125 0.1015625 0.181640625
11 0.5703125 0.9140625 0.09375 0.171875
9 0.810546875 0.2138671875 0.115234375 0.201171875
9 0.59765625 0.7314453125 0.09375 0.166015625
7 0.607421875 0.6103515625 0.087890625 0.169921875
7 0.7568359375 0.9306640625 0.107421875 0.138671875
12 0.732421875 0.9697265625 0.08203125 0.060546875
8 0.8251953125 0.6611328125 0.125 0.244140625
10 0.4873046875 0.9638671875 0.072265625 0.072265625
10 0.6552734375 0.9208984375 0.078125 0.12890625
10 0.703125 0.7275390625 0.076171875 0.125
10 0.7216796875 0.6162109375 0.08203125 0.13671875
10 0.775390625 0.3515625 0.087890625 0.140625