2 0.2353515625 0.7412109375 0.09375 0.21875
3 0.4150390625 0.6962890625 0.068359375 0.15625
3 0.556640625 0.2275390625 0.08203125 0.17578125
6 0.4541015625 0.94921875 0.064453125 0.1015625
6 0.4873046875 0.5947265625 0.072265625 0.150390625
4 0.2392578125 0.2333984375 0.0703125 0.134765625
4 0.322265625 0.6953125 0.064453125 0.119140625
4 0.3916015625 0.486328125 0.060546875 0.126953125
4 0.4560546875 0.3525390625 0.068359375 0.126953125
4 0.50390625 0.7724609375 0.0625 0.115234375
4 0.533203125 0.8701171875 0.05859375 0.12109375
1 0.423828125 0.8857421875 0.0625 0.162109375
1 0.6591796875 0.478515625 0.080078125 0.162109375
11 0.685546875 0.8916015625 0.072265625 0.193359375
9 0.771484375 0.2119140625 0.08984375 0.177734375
9 0.6748046875 0.705078125 0.072265625 0.1484375
7 0.6630859375 0.5927734375 0.0703125 0.15234375
7 0.8583984375 0.884765625 0.08203125 0.158203125
12 0.8466796875 0.9326171875 0.064453125 0.103515625
8 0.869140625 0.6162109375 0.09375 0.220703125
10 0.623046875 0.947265625 0.05859375 0.095703125
10 0.763671875 0.8681640625 0.060546875 0.115234375
10 0.7705078125 0.689453125 0.056640625 0.109375
10 0.765625 0.5869140625 0.060546875 0.119140625
10 0.7646484375 0.341796875 0.068359375 0.126953125