2 0.7373046875 0.1865234375 0.12890625 0.23828125
3 0.5546875 0.2587890625 0.09375 0.171875
3 0.4765625 0.771484375 0.109375 0.193359375
6 0.4814453125 0.02734375 0.072265625 0.0546875
6 0.4951171875 0.376953125 0.09765625 0.166015625
4 0.8076171875 0.7177734375 0.09375 0.150390625
4 0.65234375 0.24609375 0.083984375 0.1328125
4 0.6103515625 0.4755859375 0.08203125 0.140625
4 0.5625 0.6240234375 0.08984375 0.142578125
4 0.4521484375 0.1923828125 0.08203125 0.126953125
4 0.40625 0.0947265625 0.078125 0.134765625
1 0.51953125 0.0751953125 0.0859375 0.150390625
1 0.3310546875 0.521484375 0.107421875 0.1796875
11 0.2470703125 0.1171875 0.09375 0.162109375
9 0.25390625 0.818359375 0.1171875 0.197265625
9 0.28125 0.2880859375 0.095703125 0.162109375
7 0.310546875 0.40234375 0.09375 0.16796875
7 0.0673828125 0.1416015625 0.103515625 0.14453125
12 0.07421875 0.1005859375 0.072265625 0.064453125
8 0.0927734375 0.4091796875 0.12890625 0.240234375
10 0.306640625 0.0517578125 0.064453125 0.056640625
10 0.1650390625 0.12890625 0.080078125 0.126953125
10 0.1845703125 0.318359375 0.076171875 0.12109375
10 0.2041015625 0.4248046875 0.080078125 0.1328125
10 0.2421875 0.681640625 0.08984375 0.142578125