2 0.802734375 0.28515625 0.091796875 0.21875
3 0.615234375 0.3291015625 0.0673828125 0.158203125
3 0.431640625 0.80859375 0.0791015625 0.17578125
6 0.5986328125 0.0615234375 0.0673828125 0.123046875
6 0.533203125 0.43359375 0.072265625 0.1513671875
4 0.7568359375 0.8056640625 0.072265625 0.134765625
4 0.7099609375 0.33203125 0.060546875 0.1201171875
4 0.623046875 0.546875 0.0576171875 0.126953125
4 0.5458984375 0.6806640625 0.0673828125 0.125
4 0.533203125 0.2509765625 0.0625 0.11328125
4 0.51171875 0.150390625 0.0576171875 0.1181640625
1 0.625 0.134765625 0.0625 0.1630859375
1 0.3486328125 0.548828125 0.0771484375 0.1611328125
11 0.35546875 0.126953125 0.0673828125 0.1923828125
9 0.2138671875 0.822265625 0.0869140625 0.177734375
9 0.3525390625 0.318359375 0.0693359375 0.146484375
7 0.357421875 0.431640625 0.064453125 0.1513671875
7 0.1806640625 0.1337890625 0.08203125 0.15625
12 0.197265625 0.0712890625 0.0673828125 0.1318359375
8 0.1494140625 0.41015625 0.091796875 0.21875
10 0.4267578125 0.060546875 0.060546875 0.1201171875
10 0.27734375 0.150390625 0.060546875 0.11328125
10 0.2548828125 0.333984375 0.0576171875 0.1103515625
10 0.25 0.439453125 0.0625 0.1201171875
10 0.23046875 0.689453125 0.0673828125 0.125