2 0.1845703125 0.2744140625 0.10546875 0.23046875
3 0.375 0.330078125 0.078125 0.166015625
3 0.5380859375 0.8330078125 0.091796875 0.185546875
6 0.4072265625 0.0595703125 0.076171875 0.119140625
6 0.453125 0.44140625 0.08203125 0.16015625
4 0.2041015625 0.8125 0.08203125 0.142578125
4 0.27734375 0.3271484375 0.068359375 0.126953125
4 0.3564453125 0.552734375 0.06640625 0.134765625
4 0.427734375 0.6943359375 0.076171875 0.1328125
4 0.462890625 0.25390625 0.0703125 0.119140625
4 0.4912109375 0.1513671875 0.06640625 0.125
1 0.3759765625 0.12890625 0.072265625 0.171875
1 0.63671875 0.5703125 0.087890625 0.169921875
11 0.6533203125 0.13671875 0.080078125 0.201171875
9 0.7607421875 0.857421875 0.09765625 0.1875
9 0.646484375 0.3330078125 0.080078125 0.154296875
7 0.6357421875 0.4482421875 0.07421875 0.16015625
7 0.8330078125 0.1513671875 0.091796875 0.166015625
12 0.8193359375 0.0869140625 0.076171875 0.138671875
8 0.8505859375 0.4384765625 0.10546875 0.23046875
10 0.5830078125 0.064453125 0.068359375 0.125
10 0.7314453125 0.1640625 0.068359375 0.119140625
10 0.7451171875 0.3544921875 0.06640625 0.1171875
10 0.744140625 0.462890625 0.0703125 0.126953125
10 0.7509765625 0.7216796875 0.076171875 0.1328125