2 0.767578125 0.3330078125 0.1015625 0.23046875
3 0.572265625 0.36328125 0.0703125 0.1640625
3 0.373046875 0.8447265625 0.0859375 0.185546875
6 0.5625 0.07421875 0.0703125 0.146484375
6 0.486328125 0.4638671875 0.076171875 0.158203125
4 0.708984375 0.8662109375 0.076171875 0.140625
4 0.6708984375 0.373046875 0.06640625 0.126953125
4 0.57421875 0.587890625 0.064453125 0.1328125
4 0.4931640625 0.72265625 0.072265625 0.1328125
4 0.4892578125 0.275390625 0.06640625 0.119140625
4 0.46875 0.1728515625 0.064453125 0.125
1 0.587890625 0.1640625 0.068359375 0.169921875
1 0.2919921875 0.5703125 0.0859375 0.171875
11 0.310546875 0.134765625 0.078125 0.19921875
9 0.1455078125 0.841796875 0.091796875 0.185546875
9 0.30078125 0.33203125 0.076171875 0.154296875
7 0.302734375 0.44921875 0.072265625 0.16015625
7 0.1279296875 0.1259765625 0.0859375 0.162109375
12 0.1455078125 0.06640625 0.072265625 0.1328125
8 0.0888671875 0.4091796875 0.1015625 0.23046875
10 0.3837890625 0.0703125 0.0625 0.123046875
10 0.2265625 0.1513671875 0.064453125 0.119140625
10 0.2001953125 0.3408203125 0.0625 0.115234375
10 0.193359375 0.44921875 0.06640625 0.126953125
10 0.166015625 0.7060546875 0.072265625 0.1328125