2 0.75390625 0.337890625 0.0888671875 0.21875
3 0.5673828125 0.3740234375 0.0625 0.15625
3 0.3916015625 0.8427734375 0.0771484375 0.17578125
6 0.5478515625 0.095703125 0.0625 0.1396484375
6 0.48828125 0.4736328125 0.0673828125 0.1494140625
4 0.71484375 0.8525390625 0.0693359375 0.1318359375
4 0.662109375 0.3798828125 0.060546875 0.1201171875
4 0.5771484375 0.5888671875 0.0576171875 0.125
4 0.50390625 0.720703125 0.064453125 0.125
4 0.484375 0.2919921875 0.060546875 0.11328125
4 0.4619140625 0.193359375 0.0576171875 0.1181640625
1 0.576171875 0.181640625 0.060546875 0.1611328125
1 0.3056640625 0.58203125 0.0771484375 0.1630859375
11 0.3076171875 0.162109375 0.0673828125 0.189453125
9 0.1728515625 0.84765625 0.08203125 0.17578125
9 0.3056640625 0.3525390625 0.0673828125 0.146484375
7 0.3115234375 0.46484375 0.064453125 0.1513671875
7 0.1318359375 0.1611328125 0.0771484375 0.154296875
12 0.1474609375 0.099609375 0.064453125 0.1318359375
8 0.1044921875 0.43359375 0.0888671875 0.21875
10 0.3759765625 0.09765625 0.0556640625 0.1181640625
10 0.228515625 0.181640625 0.0576171875 0.11328125
10 0.208984375 0.3642578125 0.0576171875 0.1083984375
10 0.205078125 0.46875 0.060546875 0.1201171875
10 0.1884765625 0.716796875 0.064453125 0.125