2 0.2568359375 0.326171875 0.123046875 0.244140625
3 0.4482421875 0.3896484375 0.0859375 0.173828125
3 0.5732421875 0.9052734375 0.103515625 0.189453125
6 0.5048828125 0.09765625 0.083984375 0.15625
6 0.51953125 0.505859375 0.091796875 0.166015625
4 0.23046875 0.8759765625 0.08984375 0.1484375
4 0.34765625 0.3828125 0.080078125 0.134765625
4 0.4111328125 0.6162109375 0.078125 0.140625
4 0.4716796875 0.7646484375 0.0859375 0.140625
4 0.5478515625 0.3134765625 0.078125 0.126953125
4 0.5849609375 0.2119140625 0.076171875 0.1328125
1 0.46484375 0.1845703125 0.083984375 0.177734375
1 0.7001953125 0.6435546875 0.103515625 0.18359375
11 0.7509765625 0.19921875 0.095703125 0.208984375
9 0.8046875 0.9208984375 0.109375 0.158203125
9 0.7294921875 0.400390625 0.08984375 0.1640625
7 0.7080078125 0.5185546875 0.087890625 0.16796875
7 0.9375 0.2197265625 0.1015625 0.171875
12 0.9296875 0.1533203125 0.0859375 0.1484375
8 0.931640625 0.5126953125 0.123046875 0.244140625
10 0.6875 0.12109375 0.07421875 0.1328125
10 0.8330078125 0.23046875 0.076171875 0.126953125
10 0.830078125 0.42578125 0.07421875 0.12109375
10 0.8203125 0.5361328125 0.080078125 0.134765625
10 0.8056640625 0.80078125 0.0859375 0.140625