1 0.7119140625 0.3408203125 0.08984375 0.154296875
2 0.81640625 0.5966796875 0.109375 0.2265625
5 0.619140625 0.701171875 0.083984375 0.201171875
6 0.83984375 0.1962890625 0.10546875 0.15625
6 0.626953125 0.9365234375 0.0625 0.111328125
4 0.7021484375 0.8525390625 0.060546875 0.119140625
4 0.7080078125 0.7626953125 0.0625 0.1171875
4 0.720703125 0.5703125 0.0703125 0.123046875
4 0.7197265625 0.45703125 0.068359375 0.123046875
4 0.6279296875 0.2138671875 0.07421875 0.13671875
4 0.5517578125 0.9453125 0.05859375 0.107421875
4 0.5341796875 0.7041015625 0.0625 0.119140625
3 0.6240234375 0.873046875 0.07421875 0.15234375
3 0.4453125 0.611328125 0.076171875 0.162109375
11 0.3671875 0.7314453125 0.08984375 0.19140625
12 0.2138671875 0.2666015625 0.0859375 0.1484375
12 0.2158203125 0.97265625 0.072265625 0.0546875
8 0.15625 0.6806640625 0.1015625 0.216796875
7 0.130859375 0.5498046875 0.083984375 0.15625
9 0.37890625 0.8408203125 0.072265625 0.14453125
9 0.1279296875 0.42578125 0.09375 0.1640625
10 0.447265625 0.71484375 0.0625 0.119140625
10 0.302734375 0.9677734375 0.0625 0.064453125
10 0.2939453125 0.8251953125 0.064453125 0.1171875
10 0.2607421875 0.619140625 0.076171875 0.12109375
10 0.244140625 0.509765625 0.0703125 0.119140625
10 0.2353515625 0.396484375 0.072265625 0.125
10 0.4248046875 0.2421875 0.072265625 0.134765625