1 0.732421875 0.654296875 0.0791015625 0.14453125
2 0.810546875 0.392578125 0.091796875 0.2138671875
5 0.607421875 0.3115234375 0.0693359375 0.189453125
6 0.873046875 0.78125 0.091796875 0.14453125
6 0.587890625 0.0693359375 0.0556640625 0.125
4 0.669921875 0.1552734375 0.05078125 0.11328125
4 0.6865234375 0.2431640625 0.0556640625 0.1103515625
4 0.716796875 0.4306640625 0.0625 0.115234375
4 0.7275390625 0.5400390625 0.060546875 0.1181640625
4 0.662109375 0.787109375 0.064453125 0.126953125
4 0.513671875 0.0712890625 0.05078125 0.1181640625
4 0.521484375 0.3193359375 0.052734375 0.1103515625
3 0.5927734375 0.1416015625 0.060546875 0.14453125
3 0.443359375 0.41796875 0.064453125 0.154296875
11 0.357421875 0.3125 0.07421875 0.1826171875
12 0.25390625 0.78125 0.07421875 0.1396484375
12 0.181640625 0.05859375 0.0693359375 0.11328125
8 0.1552734375 0.380859375 0.083984375 0.2041015625
7 0.14453125 0.513671875 0.072265625 0.146484375
9 0.3544921875 0.201171875 0.060546875 0.13671875
9 0.15234375 0.6357421875 0.083984375 0.1513671875
10 0.43359375 0.318359375 0.0556640625 0.11328125
10 0.265625 0.060546875 0.0556640625 0.1103515625
10 0.2724609375 0.228515625 0.0556640625 0.1103515625
10 0.2646484375 0.4306640625 0.0673828125 0.1103515625
10 0.2568359375 0.541015625 0.0625 0.1103515625
10 0.2587890625 0.650390625 0.064453125 0.1181640625
10 0.4619140625 0.7822265625 0.0625 0.126953125