1 0.712890625 0.3642578125 0.111328125 0.1640625
2 0.857421875 0.611328125 0.134765625 0.236328125
5 0.671875 0.73046875 0.107421875 0.205078125
6 0.82421875 0.20703125 0.12109375 0.1640625
6 0.7080078125 0.9404296875 0.06640625 0.06640625
4 0.779296875 0.8759765625 0.072265625 0.123046875
4 0.771484375 0.78515625 0.078125 0.123046875
4 0.7548828125 0.591796875 0.0859375 0.12890625
4 0.736328125 0.478515625 0.083984375 0.12890625
4 0.607421875 0.2421875 0.08984375 0.138671875
4 0.6318359375 0.9560546875 0.064453125 0.064453125
4 0.5849609375 0.73828125 0.078125 0.123046875
3 0.7001953125 0.8984375 0.087890625 0.150390625
3 0.478515625 0.6533203125 0.095703125 0.16796875
11 0.41796875 0.7783203125 0.11328125 0.19921875
12 0.19140625 0.32421875 0.10546875 0.158203125
8 0.193359375 0.74609375 0.125 0.224609375
7 0.1494140625 0.615234375 0.1015625 0.162109375
9 0.4443359375 0.888671875 0.08984375 0.15234375
9 0.1259765625 0.4892578125 0.115234375 0.171875
10 0.49609375 0.7548828125 0.078125 0.125
10 0.3828125 0.9921875 0.06640625 0.015625
10 0.35546875 0.8759765625 0.078125 0.123046875
10 0.29296875 0.67578125 0.087890625 0.126953125
10 0.2568359375 0.5654296875 0.087890625 0.125
10 0.232421875 0.4541015625 0.087890625 0.130859375
10 0.4052734375 0.28515625 0.087890625 0.140625