1 0.232421875 0.58984375 0.115234375 0.162109375
2 0.224609375 0.3134765625 0.146484375 0.234375
5 0.4453125 0.287109375 0.1171875 0.203125
6 0.0625 0.6767578125 0.125 0.166015625
6 0.52734375 0.0615234375 0.0859375 0.123046875
4 0.4248046875 0.1181640625 0.078125 0.123046875
4 0.384765625 0.19921875 0.08203125 0.123046875
4 0.3056640625 0.375 0.091796875 0.12890625
4 0.2666015625 0.4794921875 0.08984375 0.130859375
4 0.265625 0.73828125 0.095703125 0.140625
4 0.599609375 0.076171875 0.080078125 0.12890625
4 0.5263671875 0.318359375 0.080078125 0.123046875
3 0.50390625 0.125 0.095703125 0.15625
3 0.5771484375 0.4345703125 0.103515625 0.16796875
11 0.689453125 0.353515625 0.12109375 0.19921875
12 0.66796875 0.83984375 0.109375 0.15625
12 0.927734375 0.1533203125 0.095703125 0.123046875
8 0.869140625 0.4736328125 0.134765625 0.22265625
7 0.845703125 0.6064453125 0.109375 0.162109375
9 0.720703125 0.2451171875 0.09375 0.150390625
9 0.8046875 0.724609375 0.12109375 0.169921875
10 0.61328125 0.3388671875 0.083984375 0.125
10 0.845703125 0.1318359375 0.08203125 0.119140625
10 0.7939453125 0.2939453125 0.08203125 0.123046875
10 0.7490234375 0.494140625 0.095703125 0.126953125
10 0.7275390625 0.603515625 0.08984375 0.125
10 0.697265625 0.7109375 0.09375 0.1328125
10 0.4638671875 0.7861328125 0.09375 0.140625