1 0.2666015625 0.5947265625 0.08203125 0.146484375
2 0.17578125 0.33203125 0.091796875 0.216796875
5 0.3740234375 0.25390625 0.0693359375 0.189453125
6 0.1318359375 0.7236328125 0.091796875 0.14453125
6 0.37890625 0.037109375 0.0556640625 0.07421875
4 0.298828125 0.0947265625 0.05078125 0.11328125
4 0.2900390625 0.1826171875 0.0556640625 0.1103515625
4 0.26953125 0.3701171875 0.0625 0.115234375
4 0.265625 0.48046875 0.060546875 0.115234375
4 0.3447265625 0.73046875 0.064453125 0.125
4 0.4541015625 0.0361328125 0.052734375 0.072265625
4 0.4580078125 0.26171875 0.0556640625 0.1103515625
3 0.37890625 0.083984375 0.060546875 0.14453125
3 0.544921875 0.36328125 0.064453125 0.154296875
11 0.625 0.2548828125 0.0771484375 0.1826171875
12 0.7568359375 0.7294921875 0.0771484375 0.1416015625
12 0.787109375 0.0302734375 0.0693359375 0.060546875
8 0.8330078125 0.3271484375 0.083984375 0.20703125
7 0.8505859375 0.4599609375 0.072265625 0.146484375
9 0.6201171875 0.14453125 0.0625 0.1396484375
9 0.849609375 0.583984375 0.083984375 0.154296875
10 0.546875 0.263671875 0.0556640625 0.11328125
10 0.7021484375 0.0302734375 0.0576171875 0.060546875
10 0.703125 0.1728515625 0.0556640625 0.1103515625
10 0.724609375 0.3759765625 0.064453125 0.11328125
10 0.7392578125 0.48828125 0.064453125 0.1103515625
10 0.7412109375 0.59765625 0.064453125 0.1181640625
10 0.5458984375 0.7275390625 0.0625 0.126953125