1 0.28125 0.6982421875 0.09375 0.158203125
2 0.1796875 0.4296875 0.111328125 0.232421875
5 0.38671875 0.3291015625 0.087890625 0.205078125
6 0.142578125 0.8427734375 0.107421875 0.158203125
6 0.3896484375 0.0732421875 0.068359375 0.134765625
4 0.310546875 0.1689453125 0.0625 0.123046875
4 0.2998046875 0.2626953125 0.06640625 0.12109375
4 0.28125 0.4619140625 0.07421875 0.126953125
4 0.27734375 0.578125 0.072265625 0.12890625
4 0.3642578125 0.8330078125 0.078125 0.138671875
4 0.46875 0.068359375 0.0625 0.126953125
4 0.478515625 0.3310546875 0.064453125 0.12109375
3 0.390625 0.1494140625 0.07421875 0.15625
3 0.5673828125 0.4287109375 0.080078125 0.166015625
11 0.6513671875 0.3115234375 0.091796875 0.19921875
12 0.7939453125 0.7978515625 0.08984375 0.15234375
12 0.81640625 0.0458984375 0.08203125 0.091796875
8 0.869140625 0.3681640625 0.103515625 0.220703125
7 0.8896484375 0.5068359375 0.0859375 0.16015625
9 0.64453125 0.193359375 0.07421875 0.1484375
9 0.890625 0.63671875 0.099609375 0.166015625
10 0.5703125 0.32421875 0.06640625 0.123046875
10 0.728515625 0.048828125 0.06640625 0.09765625
10 0.7333984375 0.216796875 0.06640625 0.12109375
10 0.7578125 0.427734375 0.080078125 0.12109375
10 0.7724609375 0.544921875 0.07421875 0.12109375
10 0.779296875 0.6591796875 0.076171875 0.12890625
10 0.576171875 0.8134765625 0.076171875 0.138671875