1 0.267578125 0.45703125 0.109375 0.166015625
2 0.216796875 0.7451171875 0.130859375 0.240234375
5 0.435546875 0.79296875 0.103515625 0.208984375
6 0.107421875 0.3447265625 0.119140625 0.1640625
6 0.47265625 0.986328125 0.0625 0.02734375
4 0.3828125 0.953125 0.0703125 0.09375
4 0.359375 0.8798828125 0.07421875 0.123046875
4 0.3076171875 0.6884765625 0.083984375 0.12890625
4 0.28515625 0.57421875 0.08203125 0.12890625
4 0.326171875 0.3017578125 0.087890625 0.140625
4 0.5498046875 0.9814453125 0.060546875 0.037109375
4 0.521484375 0.7705078125 0.07421875 0.123046875
3 0.46484375 0.943359375 0.08203125 0.11328125
3 0.59375 0.6513671875 0.091796875 0.169921875
11 0.6953125 0.75 0.109375 0.203125
12 0.7548828125 0.236328125 0.103515625 0.16015625
12 0.8974609375 0.9345703125 0.07421875 0.029296875
8 0.8994140625 0.6416015625 0.12109375 0.228515625
7 0.896484375 0.4990234375 0.099609375 0.1640625
9 0.708984375 0.865234375 0.087890625 0.154296875
9 0.875 0.37109375 0.11328125 0.173828125
10 0.61328125 0.75390625 0.076171875 0.126953125
10 0.80859375 0.9482421875 0.0625 0.02734375
10 0.7900390625 0.822265625 0.07421875 0.123046875
10 0.779296875 0.6083984375 0.0859375 0.12890625
10 0.7763671875 0.490234375 0.0859375 0.125
10 0.759765625 0.3759765625 0.087890625 0.1328125
10 0.53515625 0.2724609375 0.0859375 0.142578125