1 0.7177734375 0.6337890625 0.07421875 0.1416015625
2 0.7958984375 0.380859375 0.0869140625 0.208984375
5 0.599609375 0.2978515625 0.064453125 0.1875
6 0.8525390625 0.7607421875 0.0888671875 0.1416015625
6 0.587890625 0.072265625 0.05078125 0.10546875
4 0.666015625 0.146484375 0.0478515625 0.1103515625
4 0.6787109375 0.232421875 0.05078125 0.1083984375
4 0.70703125 0.4150390625 0.0576171875 0.11328125
4 0.71484375 0.5224609375 0.0556640625 0.11328125
4 0.6474609375 0.76171875 0.060546875 0.125
4 0.5146484375 0.068359375 0.0478515625 0.103515625
4 0.517578125 0.302734375 0.05078125 0.1103515625
3 0.5888671875 0.1337890625 0.0576171875 0.1416015625
3 0.44140625 0.3974609375 0.060546875 0.1513671875
11 0.357421875 0.291015625 0.0693359375 0.177734375
12 0.2490234375 0.74609375 0.0693359375 0.13671875
12 0.1923828125 0.05078125 0.0625 0.091796875
8 0.16015625 0.35546875 0.0791015625 0.2021484375
7 0.146484375 0.4833984375 0.0673828125 0.14453125
9 0.3583984375 0.185546875 0.0576171875 0.134765625
9 0.154296875 0.6025390625 0.0771484375 0.1513671875
10 0.43359375 0.30078125 0.05078125 0.1103515625
10 0.2744140625 0.0537109375 0.052734375 0.0888671875
10 0.279296875 0.2080078125 0.052734375 0.1083984375
10 0.2646484375 0.40625 0.0625 0.1103515625
10 0.2568359375 0.51171875 0.0576171875 0.1103515625
10 0.2587890625 0.6201171875 0.060546875 0.115234375
10 0.4521484375 0.751953125 0.0576171875 0.125