1 0.728515625 0.6591796875 0.083984375 0.150390625
2 0.822265625 0.404296875 0.099609375 0.220703125
5 0.625 0.3076171875 0.076171875 0.197265625
6 0.8603515625 0.7978515625 0.099609375 0.150390625
6 0.625 0.0751953125 0.056640625 0.111328125
4 0.7021484375 0.15625 0.056640625 0.1171875
4 0.7109375 0.2451171875 0.056640625 0.11328125
4 0.7294921875 0.43359375 0.06640625 0.119140625
4 0.732421875 0.5458984375 0.0625 0.119140625
4 0.650390625 0.787109375 0.068359375 0.1328125
4 0.5498046875 0.0673828125 0.0546875 0.109375
4 0.541015625 0.30859375 0.05859375 0.1171875
3 0.623046875 0.138671875 0.06640625 0.1484375
3 0.45703125 0.40234375 0.0703125 0.16015625
11 0.3759765625 0.2880859375 0.08203125 0.1875
12 0.240234375 0.75 0.080078125 0.14453125
12 0.2197265625 0.0400390625 0.068359375 0.080078125
8 0.169921875 0.34375 0.09375 0.212890625
7 0.1494140625 0.4736328125 0.076171875 0.15234375
9 0.3828125 0.1787109375 0.06640625 0.140625
9 0.150390625 0.5966796875 0.087890625 0.16015625
10 0.455078125 0.3017578125 0.05859375 0.1171875
10 0.302734375 0.04296875 0.05859375 0.0859375
10 0.2998046875 0.1982421875 0.060546875 0.11328125
10 0.2744140625 0.4013671875 0.0703125 0.1171875
10 0.26171875 0.509765625 0.06640625 0.1171875
10 0.2568359375 0.62109375 0.068359375 0.123046875
10 0.44921875 0.767578125 0.06640625 0.1328125