9 0.4560546875 0.0849609375 0.087890625 0.162109375
9 0.134765625 0.7138671875 0.115234375 0.1875
8 0.130859375 0.2958984375 0.130859375 0.24609375
11 0.3671875 0.0791015625 0.1015625 0.158203125
12 0.2197265625 0.0185546875 0.087890625 0.037109375
7 0.201171875 0.0546875 0.09375 0.109375
7 0.3291015625 0.3525390625 0.09375 0.169921875
10 0.447265625 0.0302734375 0.07421875 0.060546875
10 0.2880859375 0.0576171875 0.076171875 0.115234375
10 0.2431640625 0.236328125 0.08203125 0.1328125
10 0.173828125 0.5810546875 0.08203125 0.13671875
10 0.2275390625 0.3427734375 0.080078125 0.140625
2 0.7880859375 0.3017578125 0.126953125 0.236328125
3 0.6015625 0.306640625 0.087890625 0.173828125
3 0.35546875 0.7451171875 0.103515625 0.177734375
6 0.6123046875 0.0546875 0.0703125 0.09375
6 0.5029296875 0.3955078125 0.09375 0.162109375
1 0.6337890625 0.1181640625 0.080078125 0.169921875
1 0.3115234375 0.4765625 0.095703125 0.171875
4 0.5263671875 0.212890625 0.068359375 0.123046875
4 0.5166015625 0.1103515625 0.072265625 0.119140625
4 0.6943359375 0.3359375 0.076171875 0.12890625
4 0.6767578125 0.8115234375 0.0859375 0.140625
4 0.57421875 0.5234375 0.076171875 0.1484375
4 0.484375 0.640625 0.083984375 0.14453125