9 0.4736328125 0.08203125 0.091796875 0.1640625
9 0.1494140625 0.771484375 0.119140625 0.201171875
8 0.12890625 0.318359375 0.1328125 0.263671875
11 0.375 0.0791015625 0.1015625 0.158203125
12 0.2109375 0.0166015625 0.08984375 0.033203125
7 0.1923828125 0.056640625 0.095703125 0.11328125
7 0.3466796875 0.3720703125 0.09765625 0.18359375
10 0.4609375 0.025390625 0.07421875 0.05078125
10 0.291015625 0.05859375 0.078125 0.1171875
10 0.248046875 0.25 0.083984375 0.142578125
10 0.1865234375 0.6259765625 0.0859375 0.1484375
10 0.2353515625 0.3662109375 0.083984375 0.150390625
2 0.841796875 0.298828125 0.12890625 0.25390625
3 0.640625 0.3115234375 0.08984375 0.1875
3 0.388671875 0.796875 0.107421875 0.19140625
6 0.640625 0.0498046875 0.072265625 0.078125
6 0.5361328125 0.4130859375 0.09765625 0.17578125
1 0.6669921875 0.1064453125 0.08203125 0.18359375
1 0.3330078125 0.5068359375 0.09765625 0.185546875
4 0.5546875 0.2138671875 0.0703125 0.1328125
4 0.5400390625 0.1025390625 0.07421875 0.12890625
4 0.7412109375 0.3408203125 0.078125 0.138671875
4 0.740234375 0.857421875 0.087890625 0.150390625
4 0.6181640625 0.548828125 0.078125 0.16015625
4 0.5263671875 0.6796875 0.0859375 0.15625