9 0.5244140625 0.123046875 0.078125 0.16796875
9 0.7119140625 0.8671875 0.099609375 0.189453125
8 0.818359375 0.42578125 0.111328125 0.25390625
11 0.625 0.119140625 0.087890625 0.20703125
12 0.796875 0.0693359375 0.08984375 0.12109375
7 0.8076171875 0.1259765625 0.083984375 0.17578125
7 0.59375 0.435546875 0.083984375 0.17578125
10 0.5498046875 0.0498046875 0.072265625 0.09765625
10 0.70703125 0.1357421875 0.068359375 0.123046875
10 0.712890625 0.3359375 0.07421875 0.138671875
10 0.705078125 0.7158203125 0.07421875 0.138671875
10 0.7041015625 0.4521484375 0.07421875 0.142578125
2 0.125 0.265625 0.109375 0.2421875
3 0.318359375 0.3173828125 0.078125 0.177734375
3 0.474609375 0.841796875 0.091796875 0.18359375
6 0.3671875 0.048828125 0.0703125 0.09765625
6 0.4013671875 0.4384765625 0.080078125 0.1640625
1 0.3330078125 0.1142578125 0.064453125 0.177734375
1 0.5849609375 0.5703125 0.083984375 0.17578125
4 0.4208984375 0.2392578125 0.0625 0.130859375
4 0.455078125 0.1328125 0.06640625 0.123046875
4 0.2158203125 0.3271484375 0.068359375 0.1328125
4 0.123046875 0.830078125 0.078125 0.146484375
4 0.296875 0.5546875 0.06640625 0.15234375
4 0.36328125 0.7001953125 0.07421875 0.146484375