9 0.546875 0.1513671875 0.064453125 0.1494140625
9 0.7392578125 0.8173828125 0.083984375 0.16796875
8 0.8212890625 0.416015625 0.09375 0.2255859375
11 0.63671875 0.1455078125 0.072265625 0.185546875
12 0.791015625 0.0791015625 0.0771484375 0.1396484375
7 0.8017578125 0.1455078125 0.0693359375 0.15625
7 0.619140625 0.431640625 0.0693359375 0.15625
10 0.5673828125 0.072265625 0.0625 0.1103515625
10 0.7119140625 0.1572265625 0.0576171875 0.1083984375
10 0.7236328125 0.337890625 0.0625 0.123046875
10 0.728515625 0.681640625 0.0625 0.123046875
10 0.71875 0.443359375 0.0625 0.126953125
2 0.189453125 0.29296875 0.091796875 0.216796875
3 0.3662109375 0.333984375 0.064453125 0.158203125
3 0.5244140625 0.802734375 0.0771484375 0.1630859375
6 0.40234375 0.068359375 0.060546875 0.126953125
6 0.4443359375 0.44140625 0.0673828125 0.146484375
1 0.373046875 0.1494140625 0.052734375 0.158203125
1 0.6142578125 0.5537109375 0.0693359375 0.15625
4 0.45703125 0.259765625 0.052734375 0.115234375
4 0.484375 0.162109375 0.0556640625 0.1083984375
4 0.2744140625 0.3447265625 0.0576171875 0.1181640625
4 0.205078125 0.802734375 0.064453125 0.1298828125
4 0.3544921875 0.5478515625 0.0556640625 0.134765625
4 0.41796875 0.677734375 0.0625 0.1298828125