9 0.5625 0.8583984375 0.109375 0.173828125
9 0.173828125 0.21484375 0.134765625 0.19921875
8 0.201171875 0.658203125 0.162109375 0.263671875
11 0.4697265625 0.8896484375 0.126953125 0.212890625
12 0.3251953125 0.958984375 0.115234375 0.08203125
7 0.296875 0.921875 0.1171875 0.15625
7 0.408203125 0.5849609375 0.1171875 0.18359375
10 0.5634765625 0.9404296875 0.095703125 0.119140625
10 0.388671875 0.8984375 0.08984375 0.12890625
10 0.3251953125 0.712890625 0.099609375 0.146484375
10 0.2236328125 0.3544921875 0.099609375 0.146484375
10 0.30078125 0.6005859375 0.1015625 0.150390625
2 0.896484375 0.609375 0.15625 0.251953125
3 0.7001953125 0.6162109375 0.11328125 0.18359375
3 0.4033203125 0.169921875 0.125 0.19140625
6 0.734375 0.89453125 0.09375 0.130859375
6 0.587890625 0.5263671875 0.111328125 0.171875
1 0.7451171875 0.8115234375 0.099609375 0.181640625
1 0.37890625 0.4560546875 0.1171875 0.18359375
4 0.626953125 0.7197265625 0.087890625 0.134765625
4 0.625 0.8291015625 0.087890625 0.12890625
4 0.79296875 0.5791015625 0.09375 0.140625
4 0.736328125 0.0810546875 0.103515625 0.154296875
4 0.65234375 0.3896484375 0.095703125 0.15625
4 0.548828125 0.271484375 0.1015625 0.15234375