9 0.6044921875 0.099609375 0.064453125 0.1513671875
9 0.8193359375 0.76171875 0.0869140625 0.1728515625
8 0.888671875 0.35546875 0.09375 0.23046875
11 0.6943359375 0.091796875 0.072265625 0.1826171875
12 0.849609375 0.04296875 0.07421875 0.0859375
7 0.861328125 0.08203125 0.0693359375 0.158203125
7 0.6865234375 0.3798828125 0.0693359375 0.158203125
10 0.623046875 0.037109375 0.0625 0.07421875
10 0.771484375 0.0986328125 0.0576171875 0.1103515625
10 0.7880859375 0.2802734375 0.0625 0.123046875
10 0.802734375 0.6259765625 0.0625 0.126953125
10 0.787109375 0.38671875 0.060546875 0.1298828125
2 0.248046875 0.259765625 0.091796875 0.220703125
3 0.427734375 0.29296875 0.0625 0.1630859375
3 0.6005859375 0.7587890625 0.0771484375 0.166015625
6 0.45703125 0.044921875 0.0576171875 0.0888671875
6 0.5107421875 0.3955078125 0.0693359375 0.1513671875
1 0.4267578125 0.1044921875 0.0556640625 0.1611328125
1 0.68359375 0.50390625 0.0693359375 0.1611328125
4 0.515625 0.2138671875 0.05078125 0.115234375
4 0.5419921875 0.115234375 0.0556640625 0.1103515625
4 0.333984375 0.3076171875 0.0576171875 0.1201171875
4 0.27734375 0.7744140625 0.064453125 0.1298828125
4 0.421875 0.509765625 0.0556640625 0.1396484375
4 0.490234375 0.63671875 0.0625 0.134765625