1 0.6162109375 0.1259765625 0.0625 0.1640625
2 0.802734375 0.283203125 0.09375 0.21875
3 0.2119140625 0.66796875 0.08203125 0.173828125
3 0.3369140625 0.4384765625 0.078125 0.166015625
4 0.7587890625 0.8232421875 0.0703125 0.1328125
4 0.708984375 0.333984375 0.060546875 0.125
4 0.6171875 0.548828125 0.060546875 0.12890625
4 0.541015625 0.6923828125 0.0703125 0.13671875
6 0.587890625 0.056640625 0.060546875 0.11328125
6 0.5146484375 0.3359375 0.06640625 0.140625
12 0.1748046875 0.064453125 0.06640625 0.12890625
4 0.41796875 0.1591796875 0.05859375 0.125
8 0.1376953125 0.3017578125 0.09765625 0.22265625
9 0.201171875 0.833984375 0.09765625 0.173828125
7 0.162109375 0.1220703125 0.076171875 0.17578125
11 0.3408203125 0.12109375 0.076171875 0.205078125
10 0.2578125 0.14453125 0.05859375 0.12109375
10 0.2373046875 0.3369140625 0.0625 0.125
10 0.2373046875 0.4423828125 0.068359375 0.125
10 0.337890625 0.580078125 0.06640625 0.12890625