1 0.6240234375 0.1474609375 0.064453125 0.15625
2 0.7939453125 0.30078125 0.095703125 0.208984375
3 0.2265625 0.6435546875 0.08203125 0.166015625
3 0.3505859375 0.431640625 0.080078125 0.158203125
4 0.7353515625 0.80859375 0.0703125 0.126953125
4 0.705078125 0.345703125 0.060546875 0.12109375
4 0.6103515625 0.544921875 0.060546875 0.123046875
4 0.53515625 0.6767578125 0.0703125 0.130859375
6 0.599609375 0.068359375 0.060546875 0.1328125
6 0.521484375 0.341796875 0.06640625 0.1328125
12 0.2119140625 0.0693359375 0.06640625 0.1328125
4 0.4375 0.1728515625 0.05859375 0.1171875
8 0.1689453125 0.296875 0.099609375 0.212890625
9 0.2109375 0.7998046875 0.09765625 0.166015625
7 0.197265625 0.12890625 0.078125 0.16796875
11 0.365234375 0.1337890625 0.078125 0.1953125
10 0.2861328125 0.1533203125 0.05859375 0.115234375
10 0.2607421875 0.3330078125 0.064453125 0.12109375
10 0.2568359375 0.431640625 0.068359375 0.12109375
10 0.3486328125 0.5654296875 0.06640625 0.123046875