1 0.595703125 0.169921875 0.0576171875 0.15625
2 0.78515625 0.32421875 0.0888671875 0.2119140625
3 0.2236328125 0.6787109375 0.0771484375 0.1708984375
3 0.337890625 0.4599609375 0.07421875 0.1611328125
4 0.7607421875 0.84765625 0.064453125 0.126953125
4 0.6962890625 0.37109375 0.060546875 0.123046875
4 0.615234375 0.5771484375 0.0576171875 0.125
4 0.544921875 0.71484375 0.064453125 0.1318359375
6 0.568359375 0.083984375 0.0556640625 0.1396484375
6 0.5068359375 0.3662109375 0.0625 0.13671875
12 0.1669921875 0.0869140625 0.060546875 0.134765625
4 0.40625 0.1923828125 0.052734375 0.1201171875
8 0.1396484375 0.3212890625 0.091796875 0.21875
9 0.21875 0.8388671875 0.091796875 0.16796875
7 0.15625 0.1474609375 0.072265625 0.1708984375
11 0.330078125 0.15234375 0.0693359375 0.19921875
10 0.2509765625 0.171875 0.0556640625 0.1181640625
10 0.236328125 0.357421875 0.060546875 0.123046875
10 0.2392578125 0.4619140625 0.064453125 0.1201171875
10 0.34375 0.5986328125 0.0625 0.125