1 0.6884765625 0.861328125 0.09765625 0.171875
2 0.830078125 0.6669921875 0.14453125 0.228515625
3 0.173828125 0.4443359375 0.119140625 0.18359375
3 0.34765625 0.6357421875 0.115234375 0.177734375
4 0.6572265625 0.1630859375 0.099609375 0.142578125
4 0.73046875 0.6416015625 0.087890625 0.134765625
4 0.58984375 0.4580078125 0.0859375 0.134765625
4 0.482421875 0.33984375 0.099609375 0.146484375
6 0.677734375 0.923828125 0.080078125 0.103515625
6 0.5439453125 0.6884765625 0.09765625 0.150390625
12 0.2802734375 0.982421875 0.083984375 0.03515625
4 0.494140625 0.8798828125 0.0859375 0.134765625
8 0.193359375 0.8154296875 0.146484375 0.236328125
9 0.123046875 0.291015625 0.1328125 0.1875
7 0.2587890625 0.943359375 0.115234375 0.11328125
11 0.427734375 0.9130859375 0.12109375 0.173828125
10 0.3447265625 0.935546875 0.083984375 0.12890625
10 0.279296875 0.7568359375 0.091796875 0.134765625
10 0.2529296875 0.654296875 0.09375 0.13671875
10 0.31640625 0.498046875 0.09765625 0.138671875