1 0.60546875 0.8798828125 0.068359375 0.17578125
2 0.818359375 0.7119140625 0.103515625 0.236328125
3 0.201171875 0.306640625 0.08984375 0.19140625
3 0.32421875 0.5517578125 0.0859375 0.1796875
4 0.802734375 0.12890625 0.07421875 0.142578125
4 0.720703125 0.6572265625 0.068359375 0.138671875
4 0.634765625 0.4267578125 0.06640625 0.140625
4 0.55859375 0.2724609375 0.07421875 0.1484375
6 0.572265625 0.9482421875 0.0625 0.103515625
6 0.5107421875 0.6591796875 0.072265625 0.154296875
12 0.126953125 0.94140625 0.068359375 0.10546875
4 0.3955078125 0.8505859375 0.060546875 0.134765625
8 0.1005859375 0.703125 0.10546875 0.244140625
9 0.19921875 0.12890625 0.10546875 0.189453125
7 0.1162109375 0.8955078125 0.083984375 0.19140625
11 0.3095703125 0.8896484375 0.080078125 0.21484375
10 0.2216796875 0.87109375 0.064453125 0.1328125
10 0.2099609375 0.6650390625 0.068359375 0.138671875
10 0.2138671875 0.548828125 0.07421875 0.134765625
10 0.333984375 0.3984375 0.072265625 0.140625