1 0.6103515625 0.1396484375 0.0576171875 0.154296875
2 0.7861328125 0.2861328125 0.091796875 0.2021484375
3 0.23046875 0.642578125 0.0771484375 0.1611328125
3 0.34765625 0.4267578125 0.07421875 0.15625
4 0.7431640625 0.7919921875 0.0673828125 0.123046875
4 0.69921875 0.3330078125 0.0576171875 0.1181640625
4 0.611328125 0.53515625 0.0556640625 0.1181640625
4 0.5400390625 0.669921875 0.064453125 0.126953125
6 0.5869140625 0.0634765625 0.0576171875 0.126953125
6 0.5166015625 0.3330078125 0.0625 0.1318359375
12 0.1982421875 0.0693359375 0.060546875 0.1298828125
4 0.4267578125 0.1669921875 0.0556640625 0.1181640625
8 0.1630859375 0.296875 0.091796875 0.208984375
9 0.21875 0.796875 0.091796875 0.1611328125
7 0.185546875 0.12890625 0.072265625 0.166015625
11 0.353515625 0.1318359375 0.072265625 0.1923828125
10 0.275390625 0.150390625 0.0556640625 0.11328125
10 0.255859375 0.330078125 0.060546875 0.1181640625
10 0.2548828125 0.431640625 0.0625 0.1181640625
10 0.349609375 0.560546875 0.064453125 0.1201171875