1 0.4599609375 0.0849609375 0.091796875 0.169921875
2 0.2470703125 0.203125 0.13671875 0.23046875
3 0.755859375 0.689453125 0.11328125 0.18359375
3 0.677734375 0.439453125 0.109375 0.1796875
4 0.189453125 0.7412109375 0.095703125 0.142578125
4 0.328125 0.26953125 0.083984375 0.134765625
4 0.37890625 0.498046875 0.08203125 0.134765625
4 0.427734375 0.654296875 0.09375 0.146484375
6 0.4951171875 0.041015625 0.076171875 0.08203125
6 0.51953125 0.306640625 0.091796875 0.150390625
12 0.90234375 0.1171875 0.08203125 0.10546875
4 0.6474609375 0.1513671875 0.08203125 0.134765625
8 0.8974609375 0.3408203125 0.138671875 0.236328125
9 0.736328125 0.853515625 0.12890625 0.1875
7 0.908203125 0.16015625 0.109375 0.1875
11 0.73046875 0.134765625 0.11328125 0.20703125
10 0.80859375 0.1640625 0.080078125 0.12890625
10 0.79296875 0.357421875 0.087890625 0.13671875
10 0.7734375 0.462890625 0.08984375 0.13671875
10 0.6474609375 0.578125 0.091796875 0.138671875