1 0.4013671875 0.1611328125 0.0576171875 0.1494140625
2 0.23046875 0.3037109375 0.0869140625 0.19921875
3 0.7705078125 0.65625 0.07421875 0.158203125
3 0.65625 0.4462890625 0.072265625 0.1513671875
4 0.2705078125 0.7978515625 0.064453125 0.1201171875
4 0.31640625 0.3505859375 0.0556640625 0.115234375
4 0.400390625 0.546875 0.0556640625 0.1181640625
4 0.4697265625 0.677734375 0.064453125 0.125
6 0.4267578125 0.083984375 0.0556640625 0.1298828125
6 0.494140625 0.3525390625 0.060546875 0.126953125
12 0.8037109375 0.099609375 0.060546875 0.126953125
4 0.58203125 0.19140625 0.052734375 0.11328125
8 0.837890625 0.3212890625 0.0888671875 0.2041015625
9 0.7802734375 0.8076171875 0.0888671875 0.158203125
7 0.81640625 0.1572265625 0.0693359375 0.1611328125
11 0.65234375 0.15625 0.0693359375 0.1875
10 0.728515625 0.177734375 0.052734375 0.1103515625
10 0.748046875 0.353515625 0.0576171875 0.115234375
10 0.748046875 0.44921875 0.0625 0.115234375
10 0.6552734375 0.576171875 0.060546875 0.1181640625