1 0.47265625 0.8427734375 0.08984375 0.16796875
2 0.251953125 0.728515625 0.1328125 0.23046875
3 0.736328125 0.2548828125 0.11328125 0.185546875
3 0.66796875 0.498046875 0.109375 0.17578125
4 0.1650390625 0.2021484375 0.091796875 0.140625
4 0.330078125 0.6630859375 0.0859375 0.134765625
4 0.3671875 0.4404296875 0.083984375 0.13671875
4 0.4091796875 0.2880859375 0.09375 0.146484375
6 0.517578125 0.9228515625 0.0859375 0.150390625
6 0.51953125 0.6279296875 0.091796875 0.150390625
12 0.9189453125 0.833984375 0.087890625 0.1484375
4 0.6572265625 0.7802734375 0.078125 0.130859375
8 0.8955078125 0.5947265625 0.13671875 0.236328125
9 0.7080078125 0.095703125 0.126953125 0.1875
7 0.916015625 0.7705078125 0.107421875 0.185546875
11 0.7412109375 0.802734375 0.111328125 0.212890625
10 0.81640625 0.767578125 0.080078125 0.12890625
10 0.7919921875 0.580078125 0.0859375 0.134765625
10 0.7666015625 0.4765625 0.08984375 0.1328125
10 0.6337890625 0.3623046875 0.087890625 0.138671875