5 0.5302734375 0.591796875 0.08203125 0.208984375
3 0.6162109375 0.68359375 0.068359375 0.1640625
3 0.646484375 0.32421875 0.0859375 0.17578125
2 0.8095703125 0.708984375 0.099609375 0.220703125
6 0.78515625 0.931640625 0.06640625 0.109375
6 0.8701171875 0.169921875 0.09765625 0.16015625
4 0.755859375 0.1767578125 0.076171875 0.140625
4 0.712890625 0.6669921875 0.064453125 0.12890625
4 0.6044921875 0.8603515625 0.056640625 0.119140625
4 0.6201171875 0.455078125 0.06640625 0.123046875
4 0.541015625 0.3232421875 0.0703125 0.130859375
4 0.5302734375 0.7646484375 0.060546875 0.1328125
1 0.6962890625 0.9345703125 0.06640625 0.115234375
1 0.3408203125 0.47265625 0.07421875 0.166015625
12 0.19140625 0.955078125 0.06640625 0.08984375
8 0.13671875 0.63671875 0.091796875 0.22265625
9 0.345703125 0.703125 0.07421875 0.158203125
9 0.1259765625 0.4765625 0.087890625 0.162109375
7 0.177734375 0.912109375 0.072265625 0.158203125
7 0.0986328125 0.3515625 0.08203125 0.158203125
11 0.267578125 0.8291015625 0.08984375 0.185546875
10 0.271484375 0.890625 0.060546875 0.11328125
10 0.4287109375 0.955078125 0.060546875 0.08984375
10 0.42578125 0.7880859375 0.056640625 0.119140625
10 0.24609375 0.69921875 0.056640625 0.119140625
10 0.23828125 0.5869140625 0.064453125 0.125
10 0.21875 0.3359375 0.0703125 0.1328125