5 0.4951171875 0.4169921875 0.0673828125 0.1943359375
3 0.41796875 0.326171875 0.0576171875 0.1513671875
3 0.373046875 0.6630859375 0.072265625 0.1630859375
2 0.236328125 0.2919921875 0.083984375 0.2041015625
6 0.271484375 0.06640625 0.0576171875 0.1318359375
6 0.15234375 0.798828125 0.083984375 0.146484375
4 0.2607421875 0.7978515625 0.064453125 0.1298828125
4 0.326171875 0.3369140625 0.0556640625 0.1201171875
4 0.4375 0.158203125 0.0478515625 0.1103515625
4 0.404296875 0.5419921875 0.0576171875 0.11328125
4 0.47265625 0.6708984375 0.060546875 0.1201171875
4 0.50390625 0.25390625 0.05078125 0.123046875
1 0.35546875 0.068359375 0.0576171875 0.13671875
1 0.66796875 0.5380859375 0.0625 0.154296875
12 0.8330078125 0.064453125 0.056640625 0.12890625
8 0.8701171875 0.39453125 0.0771484375 0.20703125
9 0.67578125 0.3212890625 0.0625 0.146484375
9 0.87109375 0.5458984375 0.07421875 0.1494140625
7 0.8447265625 0.130859375 0.060546875 0.146484375
7 0.890625 0.6650390625 0.0693359375 0.146484375
11 0.7548828125 0.205078125 0.0771484375 0.1708984375
10 0.7548828125 0.146484375 0.052734375 0.10546875
10 0.6083984375 0.064453125 0.052734375 0.10546875
10 0.603515625 0.2353515625 0.0478515625 0.1103515625
10 0.76953125 0.3291015625 0.0478515625 0.1103515625
10 0.7705078125 0.435546875 0.0556640625 0.115234375
10 0.77734375 0.673828125 0.060546875 0.123046875