5 0.5361328125 0.5615234375 0.10546875 0.220703125
3 0.46875 0.671875 0.087890625 0.171875
3 0.36328125 0.3193359375 0.10546875 0.1875
2 0.28125 0.7392578125 0.125 0.232421875
6 0.35546875 0.94921875 0.08203125 0.1015625
6 0.10546875 0.2109375 0.115234375 0.171875
4 0.220703125 0.193359375 0.091796875 0.150390625
4 0.369140625 0.67578125 0.080078125 0.13671875
4 0.5185546875 0.84765625 0.0703125 0.126953125
4 0.4169921875 0.443359375 0.080078125 0.130859375
4 0.46875 0.2939453125 0.083984375 0.138671875
4 0.5732421875 0.734375 0.07421875 0.140625
1 0.443359375 0.939453125 0.08203125 0.12109375
1 0.701171875 0.40234375 0.091796875 0.17578125
12 0.95703125 0.87109375 0.080078125 0.130859375
8 0.94140625 0.5224609375 0.1171875 0.234375
9 0.74609375 0.6337890625 0.091796875 0.16796875
9 0.9169921875 0.359375 0.10546875 0.171875
7 0.95703125 0.806640625 0.0859375 0.16796875
7 0.9169921875 0.2294921875 0.099609375 0.169921875
11 0.8505859375 0.744140625 0.111328125 0.1953125
10 0.8603515625 0.806640625 0.07421875 0.12109375
10 0.7158203125 0.9169921875 0.07421875 0.1171875
10 0.6826171875 0.7373046875 0.0703125 0.126953125
10 0.8447265625 0.6083984375 0.0703125 0.126953125
10 0.8271484375 0.4951171875 0.078125 0.1328125
10 0.794921875 0.23828125 0.0859375 0.140625