11 0.2314453125 0.13671875 0.087890625 0.177734375
2 0.212890625 0.3125 0.103515625 0.220703125
6 0.712890625 0.0517578125 0.0703125 0.103515625
7 0.5625 0.4287109375 0.08203125 0.162109375
12 0.5625 0.3251953125 0.078125 0.1484375
8 0.8408203125 0.26953125 0.09765625 0.22265625
10 0.7177734375 0.1396484375 0.0625 0.119140625
10 0.7431640625 0.314453125 0.076171875 0.119140625
10 0.65625 0.556640625 0.07421875 0.12890625
4 0.6630859375 0.4296875 0.068359375 0.130859375
4 0.474609375 0.6728515625 0.068359375 0.130859375
4 0.4033203125 0.3447265625 0.06640625 0.123046875