11 0.740234375 0.1337890625 0.072265625 0.166015625
2 0.7705078125 0.30078125 0.083984375 0.20703125
6 0.2724609375 0.0712890625 0.060546875 0.123046875
7 0.4423828125 0.4365234375 0.0673828125 0.1513671875
12 0.4365234375 0.3369140625 0.064453125 0.1396484375
8 0.1650390625 0.3017578125 0.0791015625 0.208984375
10 0.2744140625 0.16796875 0.052734375 0.1103515625
10 0.2607421875 0.3388671875 0.064453125 0.1103515625
10 0.3603515625 0.564453125 0.0625 0.1201171875
4 0.345703125 0.443359375 0.0576171875 0.123046875
4 0.54296875 0.6650390625 0.0576171875 0.123046875
4 0.58984375 0.34375 0.0556640625 0.115234375