11 0.2724609375 0.8818359375 0.078125 0.169921875
2 0.2353515625 0.71484375 0.091796875 0.212890625
6 0.748046875 0.9287109375 0.064453125 0.126953125
7 0.5625 0.5654296875 0.07421875 0.15625
12 0.5732421875 0.6650390625 0.0703125 0.14453125
8 0.849609375 0.6923828125 0.087890625 0.21484375
10 0.7431640625 0.8310546875 0.056640625 0.11328125
10 0.7509765625 0.6572265625 0.068359375 0.115234375
10 0.6416015625 0.431640625 0.068359375 0.125
4 0.66015625 0.5537109375 0.0625 0.126953125
4 0.453125 0.3369140625 0.0625 0.126953125
4 0.4169921875 0.6640625 0.060546875 0.119140625