2 0.27734375 0.8095703125 0.15234375 0.248046875
6 0.376953125 0.9755859375 0.08984375 0.048828125
6 0.162109375 0.5693359375 0.123046875 0.16796875
1 0.3017578125 0.3828125 0.123046875 0.19140625
1 0.4521484375 0.720703125 0.109375 0.169921875
5 0.50390625 0.60546875 0.12890625 0.216796875
4 0.564453125 0.7744140625 0.083984375 0.1328125
4 0.1474609375 0.2802734375 0.1015625 0.1484375
4 0.35546875 0.7373046875 0.09375 0.138671875
4 0.373046875 0.501953125 0.099609375 0.14453125
4 0.4033203125 0.34765625 0.1015625 0.142578125
4 0.6181640625 0.86328125 0.08984375 0.126953125
1 0.505859375 0.9111328125 0.1171875 0.177734375
1 0.6435546875 0.4345703125 0.119140625 0.171875
11 0.7822265625 0.84375 0.125 0.203125
12 0.95703125 0.8505859375 0.0859375 0.099609375
9 0.693359375 0.12890625 0.134765625 0.1875
9 0.720703125 0.6611328125 0.107421875 0.162109375
7 0.681640625 0.5556640625 0.1015625 0.162109375
7 0.94921875 0.8017578125 0.1015625 0.173828125
8 0.8955078125 0.5185546875 0.15625 0.248046875
10 0.7236328125 0.9140625 0.07421875 0.095703125
10 0.673828125 0.7646484375 0.087890625 0.13671875
10 0.8544921875 0.80859375 0.08984375 0.130859375
10 0.8154296875 0.623046875 0.09375 0.140625
10 0.783203125 0.5146484375 0.09375 0.140625
10 0.720703125 0.265625 0.103515625 0.146484375