2 0.23046875 0.29296875 0.091796875 0.2119140625
6 0.259765625 0.076171875 0.0625 0.126953125
6 0.201171875 0.529296875 0.0791015625 0.134765625
1 0.3759765625 0.66015625 0.07421875 0.1611328125
1 0.4072265625 0.33203125 0.064453125 0.14453125
5 0.4853515625 0.423828125 0.072265625 0.185546875
4 0.48828125 0.26171875 0.0478515625 0.1103515625
4 0.2724609375 0.78515625 0.064453125 0.123046875
4 0.318359375 0.3388671875 0.0556640625 0.115234375
4 0.404296875 0.5419921875 0.0625 0.1181640625
4 0.4736328125 0.671875 0.0625 0.1181640625
4 0.509765625 0.1708984375 0.0576171875 0.10546875
1 0.3974609375 0.15234375 0.0693359375 0.1513671875
1 0.6552734375 0.54296875 0.07421875 0.14453125
11 0.654296875 0.146484375 0.072265625 0.1826171875
12 0.8017578125 0.087890625 0.064453125 0.123046875
9 0.7861328125 0.802734375 0.0869140625 0.154296875
9 0.6552734375 0.328125 0.064453125 0.13671875
7 0.65234375 0.4306640625 0.060546875 0.134765625
7 0.814453125 0.15234375 0.0625 0.1416015625
8 0.845703125 0.416015625 0.091796875 0.2119140625
10 0.58203125 0.0849609375 0.0478515625 0.11328125
10 0.5849609375 0.248046875 0.0556640625 0.115234375
10 0.7275390625 0.16796875 0.0556640625 0.1103515625
10 0.748046875 0.341796875 0.0576171875 0.115234375
10 0.751953125 0.443359375 0.0576171875 0.1181640625
10 0.76953125 0.6767578125 0.0625 0.123046875