2 0.2109375 0.771484375 0.142578125 0.240234375
6 0.3056640625 0.95703125 0.095703125 0.0859375
6 0.10546875 0.5341796875 0.115234375 0.1640625
1 0.2490234375 0.357421875 0.115234375 0.18359375
1 0.3828125 0.6923828125 0.1015625 0.1640625
5 0.4375 0.580078125 0.119140625 0.2109375
4 0.490234375 0.7470703125 0.080078125 0.12890625
4 0.1015625 0.2509765625 0.09375 0.14453125
4 0.287109375 0.703125 0.087890625 0.1328125
4 0.3134765625 0.474609375 0.09375 0.138671875
4 0.3486328125 0.326171875 0.095703125 0.13671875
4 0.541015625 0.8359375 0.0859375 0.123046875
1 0.4296875 0.8798828125 0.109375 0.17578125
1 0.5791015625 0.4189453125 0.111328125 0.16796875
11 0.701171875 0.8291015625 0.119140625 0.208984375
12 0.8779296875 0.8583984375 0.09765625 0.142578125
9 0.638671875 0.1220703125 0.126953125 0.1796875
9 0.6474609375 0.642578125 0.099609375 0.158203125
7 0.6123046875 0.5380859375 0.09375 0.15625
7 0.869140625 0.7880859375 0.1015625 0.166015625
8 0.822265625 0.509765625 0.14453125 0.240234375
10 0.6455078125 0.908203125 0.080078125 0.130859375
10 0.59765625 0.7421875 0.08203125 0.130859375
10 0.7724609375 0.791015625 0.083984375 0.126953125
10 0.7392578125 0.6083984375 0.087890625 0.134765625
10 0.712890625 0.501953125 0.087890625 0.134765625
10 0.66015625 0.2578125 0.09765625 0.142578125