2 0.802734375 0.65625 0.1328125 0.23046875
6 0.8154296875 0.87890625 0.087890625 0.138671875
6 0.787109375 0.4140625 0.10546875 0.150390625
1 0.5859375 0.3173828125 0.10546875 0.17578125
1 0.6181640625 0.65234375 0.09375 0.158203125
5 0.5224609375 0.57421875 0.107421875 0.19921875
4 0.55078125 0.736328125 0.0703125 0.119140625
4 0.6650390625 0.1728515625 0.08984375 0.134765625
4 0.7060546875 0.626953125 0.078125 0.125
4 0.5810546875 0.4404296875 0.0859375 0.130859375
4 0.4853515625 0.32421875 0.0859375 0.130859375
4 0.546875 0.8330078125 0.078125 0.1171875
1 0.662109375 0.8291015625 0.099609375 0.166015625
1 0.330078125 0.48828125 0.103515625 0.16015625
11 0.4072265625 0.884765625 0.107421875 0.197265625
12 0.26953125 0.9521484375 0.08984375 0.095703125
9 0.1474609375 0.25390625 0.1171875 0.171875
9 0.37109375 0.703125 0.091796875 0.150390625
7 0.353515625 0.6015625 0.0859375 0.146484375
7 0.2451171875 0.91015625 0.08984375 0.154296875
8 0.1630859375 0.6533203125 0.1328125 0.23046875
10 0.4912109375 0.9326171875 0.0703125 0.123046875
10 0.4560546875 0.771484375 0.078125 0.125
10 0.330078125 0.876953125 0.076171875 0.12109375
10 0.2763671875 0.708984375 0.080078125 0.126953125
10 0.2509765625 0.607421875 0.080078125 0.12890625
10 0.1884765625 0.3779296875 0.0859375 0.134765625