2 0.798828125 0.302734375 0.0888671875 0.2119140625
6 0.7568359375 0.0830078125 0.0625 0.126953125
6 0.8447265625 0.54296875 0.0791015625 0.1396484375
1 0.6767578125 0.673828125 0.07421875 0.1611328125
1 0.6240234375 0.3388671875 0.064453125 0.14453125
5 0.55078125 0.4306640625 0.072265625 0.1875
4 0.537109375 0.265625 0.05078125 0.11328125
4 0.7880859375 0.802734375 0.0625 0.125
4 0.7138671875 0.3486328125 0.0576171875 0.115234375
4 0.6416015625 0.552734375 0.0625 0.1201171875
4 0.578125 0.681640625 0.064453125 0.1181640625
4 0.509765625 0.1728515625 0.0576171875 0.10546875
1 0.62109375 0.15625 0.0693359375 0.154296875
1 0.3857421875 0.5478515625 0.07421875 0.14453125
11 0.3603515625 0.1455078125 0.072265625 0.185546875
12 0.205078125 0.080078125 0.064453125 0.123046875
9 0.26953125 0.8076171875 0.0869140625 0.154296875
9 0.37109375 0.328125 0.064453125 0.13671875
7 0.380859375 0.431640625 0.060546875 0.13671875
7 0.1982421875 0.1474609375 0.064453125 0.146484375
8 0.1826171875 0.4130859375 0.091796875 0.2119140625
10 0.4287109375 0.083984375 0.05078125 0.115234375
10 0.4375 0.248046875 0.052734375 0.115234375
10 0.287109375 0.166015625 0.0556640625 0.1103515625
10 0.279296875 0.33984375 0.0576171875 0.1181640625
10 0.28125 0.443359375 0.0576171875 0.1181640625
10 0.27734375 0.6787109375 0.064453125 0.123046875