2 0.7939453125 0.3154296875 0.119140625 0.23046875
6 0.7890625 0.0908203125 0.078125 0.130859375
6 0.80078125 0.564453125 0.09765625 0.1484375
1 0.603515625 0.681640625 0.095703125 0.17578125
1 0.6064453125 0.3359375 0.08203125 0.15625
5 0.515625 0.4248046875 0.095703125 0.19921875
4 0.5302734375 0.255859375 0.0625 0.119140625
4 0.697265625 0.822265625 0.080078125 0.134765625
4 0.69921875 0.353515625 0.0703125 0.125
4 0.5869140625 0.556640625 0.078125 0.12890625
4 0.5009765625 0.68359375 0.078125 0.12890625
4 0.5185546875 0.158203125 0.072265625 0.115234375
1 0.63671875 0.15234375 0.08984375 0.1640625
1 0.326171875 0.5302734375 0.09375 0.158203125
11 0.37109375 0.1171875 0.095703125 0.197265625
12 0.2236328125 0.0537109375 0.080078125 0.107421875
9 0.162109375 0.78515625 0.107421875 0.169921875
9 0.349609375 0.306640625 0.08203125 0.150390625
7 0.3408203125 0.4130859375 0.076171875 0.146484375
7 0.2021484375 0.1064453125 0.080078125 0.154296875
8 0.1416015625 0.376953125 0.119140625 0.23046875
10 0.453125 0.0615234375 0.0625 0.123046875
10 0.431640625 0.2294921875 0.0703125 0.125
10 0.2919921875 0.1328125 0.0703125 0.12109375
10 0.251953125 0.3095703125 0.072265625 0.125
10 0.236328125 0.4150390625 0.072265625 0.12890625
10 0.193359375 0.65625 0.078125 0.134765625