7 0.21484375 0.8837890625 0.08203125 0.1484375
7 0.3671875 0.5869140625 0.068359375 0.140625
9 0.2177734375 0.2294921875 0.08984375 0.166015625
9 0.3701171875 0.6875 0.076171875 0.146484375
11 0.376953125 0.8720703125 0.083984375 0.185546875
8 0.169921875 0.623046875 0.1015625 0.208984375
12 0.2294921875 0.9375 0.076171875 0.125
10 0.44921875 0.9287109375 0.060546875 0.115234375
10 0.2421875 0.3505859375 0.0703125 0.12109375
10 0.26953125 0.5830078125 0.07421875 0.115234375
10 0.2763671875 0.6845703125 0.0625 0.115234375
10 0.3037109375 0.861328125 0.064453125 0.123046875
1 0.6328125 0.83203125 0.06640625 0.15625
1 0.361328125 0.46875 0.072265625 0.150390625
3 0.4287109375 0.216796875 0.083984375 0.162109375
3 0.6162109375 0.654296875 0.07421875 0.150390625
2 0.798828125 0.6806640625 0.103515625 0.2109375
6 0.611328125 0.9169921875 0.064453125 0.130859375
6 0.8076171875 0.53125 0.087890625 0.142578125
4 0.7333984375 0.1806640625 0.07421875 0.123046875
4 0.708984375 0.638671875 0.060546875 0.115234375
4 0.5205078125 0.8310546875 0.056640625 0.107421875
4 0.5400390625 0.7333984375 0.052734375 0.111328125
4 0.615234375 0.4462890625 0.06640625 0.123046875
4 0.541015625 0.3203125 0.064453125 0.12109375