7 0.81640625 0.171875 0.0693359375 0.1416015625
7 0.6357421875 0.4423828125 0.0556640625 0.134765625
9 0.7490234375 0.8115234375 0.0791015625 0.1611328125
9 0.642578125 0.3427734375 0.064453125 0.13671875
11 0.6552734375 0.1611328125 0.0693359375 0.177734375
8 0.8330078125 0.431640625 0.083984375 0.2041015625
12 0.8076171875 0.1103515625 0.0625 0.1298828125
10 0.587890625 0.095703125 0.05078125 0.1103515625
10 0.736328125 0.689453125 0.060546875 0.115234375
10 0.7333984375 0.458984375 0.0625 0.1103515625
10 0.7353515625 0.3583984375 0.0576171875 0.1103515625
10 0.7255859375 0.1826171875 0.052734375 0.115234375
1 0.3994140625 0.169921875 0.0576171875 0.1513671875
1 0.630859375 0.55859375 0.060546875 0.146484375
3 0.5400390625 0.798828125 0.0693359375 0.15625
3 0.3974609375 0.345703125 0.064453125 0.14453125
2 0.2236328125 0.2978515625 0.0869140625 0.2021484375
6 0.4287109375 0.0888671875 0.0556640625 0.125
6 0.1982421875 0.4423828125 0.07421875 0.134765625
4 0.2353515625 0.794921875 0.0673828125 0.1181640625
4 0.306640625 0.3486328125 0.05078125 0.1103515625
4 0.509765625 0.18359375 0.0478515625 0.103515625
4 0.4794921875 0.275390625 0.0458984375 0.1083984375
4 0.37890625 0.548828125 0.0556640625 0.1181640625
4 0.44140625 0.6826171875 0.0556640625 0.115234375