7 0.0859375 0.8291015625 0.095703125 0.158203125
7 0.318359375 0.5751953125 0.08203125 0.1484375
9 0.263671875 0.1787109375 0.107421875 0.17578125
9 0.2939453125 0.67578125 0.08984375 0.154296875
11 0.2509765625 0.861328125 0.1015625 0.1953125
8 0.111328125 0.5576171875 0.12109375 0.220703125
12 0.087890625 0.8798828125 0.083984375 0.119140625
10 0.3095703125 0.9267578125 0.068359375 0.1015625
10 0.255859375 0.306640625 0.080078125 0.126953125
10 0.2216796875 0.544921875 0.0859375 0.125
10 0.201171875 0.646484375 0.07421875 0.123046875
10 0.181640625 0.8310546875 0.076171875 0.12890625
1 0.5166015625 0.8896484375 0.08203125 0.1640625
1 0.3427734375 0.455078125 0.0859375 0.158203125
3 0.478515625 0.2236328125 0.099609375 0.171875
3 0.546875 0.7080078125 0.087890625 0.158203125
2 0.7216796875 0.783203125 0.125 0.22265625
6 0.4736328125 0.94921875 0.072265625 0.1015625
6 0.771484375 0.63671875 0.1015625 0.150390625
4 0.791015625 0.267578125 0.0859375 0.130859375
4 0.6435546875 0.7177734375 0.072265625 0.12109375
4 0.4052734375 0.859375 0.06640625 0.11328125
4 0.4501953125 0.7666015625 0.064453125 0.1171875
4 0.6025390625 0.5 0.078125 0.130859375
4 0.5615234375 0.35546875 0.076171875 0.126953125