7 0.26171875 0.9072265625 0.103515625 0.162109375
7 0.3896484375 0.5859375 0.087890625 0.15234375
9 0.1904296875 0.228515625 0.1171875 0.185546875
9 0.404296875 0.69140625 0.09765625 0.15625
11 0.431640625 0.8818359375 0.111328125 0.19921875
8 0.1865234375 0.640625 0.1328125 0.23046875
12 0.283203125 0.9462890625 0.09375 0.107421875
10 0.515625 0.9345703125 0.076171875 0.125
10 0.2294921875 0.3515625 0.087890625 0.1328125
10 0.2841796875 0.58984375 0.08984375 0.12890625
10 0.3037109375 0.6953125 0.083984375 0.126953125
10 0.353515625 0.8759765625 0.080078125 0.130859375
1 0.6953125 0.8173828125 0.09375 0.169921875
1 0.3681640625 0.4638671875 0.09375 0.166015625
3 0.41015625 0.1943359375 0.107421875 0.177734375
3 0.6572265625 0.6337890625 0.099609375 0.1640625
2 0.849609375 0.64453125 0.134765625 0.228515625
6 0.6806640625 0.90625 0.083984375 0.138671875
6 0.84375 0.490234375 0.107421875 0.15625
4 0.7275390625 0.1318359375 0.095703125 0.13671875
4 0.751953125 0.611328125 0.076171875 0.125
4 0.5771484375 0.8271484375 0.072265625 0.1171875
4 0.587890625 0.724609375 0.072265625 0.123046875
4 0.6318359375 0.41796875 0.083984375 0.134765625
4 0.5380859375 0.29296875 0.08203125 0.130859375