7 0.810546875 0.1416015625 0.0673828125 0.1396484375
7 0.6357421875 0.4169921875 0.0556640625 0.1318359375
9 0.7509765625 0.77734375 0.07421875 0.15625
9 0.6416015625 0.318359375 0.0625 0.13671875
11 0.6513671875 0.138671875 0.0673828125 0.17578125
8 0.83203125 0.3994140625 0.08203125 0.197265625
12 0.80078125 0.08203125 0.0625 0.1298828125
10 0.5849609375 0.078125 0.05078125 0.1083984375
10 0.73828125 0.6572265625 0.0576171875 0.11328125
10 0.73046875 0.4287109375 0.0625 0.1083984375
10 0.7333984375 0.330078125 0.052734375 0.1083984375
10 0.720703125 0.15625 0.052734375 0.115234375
1 0.3994140625 0.15625 0.052734375 0.1494140625
1 0.6318359375 0.5322265625 0.0576171875 0.1416015625
3 0.544921875 0.771484375 0.0693359375 0.154296875
3 0.400390625 0.330078125 0.060546875 0.1416015625
2 0.224609375 0.2900390625 0.083984375 0.19921875
6 0.427734375 0.076171875 0.052734375 0.123046875
6 0.203125 0.43359375 0.07421875 0.1318359375
4 0.2451171875 0.78125 0.0625 0.115234375
4 0.30859375 0.337890625 0.05078125 0.1083984375
4 0.5087890625 0.166015625 0.0458984375 0.1005859375
4 0.48046875 0.259765625 0.04296875 0.10546875
4 0.3837890625 0.533203125 0.0556640625 0.115234375
4 0.4443359375 0.662109375 0.052734375 0.11328125