7 0.953125 0.7373046875 0.09375 0.169921875
7 0.7001953125 0.4921875 0.091796875 0.158203125
9 0.73046875 0.08203125 0.125 0.1640625
9 0.732421875 0.5966796875 0.103515625 0.162109375
11 0.7900390625 0.7890625 0.119140625 0.20703125
8 0.9140625 0.4541015625 0.140625 0.240234375
12 0.958984375 0.8037109375 0.08203125 0.154296875
10 0.734375 0.875 0.08203125 0.130859375
10 0.748046875 0.201171875 0.09375 0.138671875
10 0.80078125 0.44921875 0.09375 0.134765625
10 0.828125 0.5576171875 0.08984375 0.1328125
10 0.8603515625 0.7470703125 0.0859375 0.13671875
1 0.513671875 0.8427734375 0.099609375 0.177734375
1 0.666015625 0.3681640625 0.1015625 0.171875
3 0.5087890625 0.1328125 0.11328125 0.185546875
3 0.4697265625 0.6533203125 0.10546875 0.171875
2 0.2939453125 0.748046875 0.142578125 0.23828125
6 0.56640625 0.921875 0.08984375 0.1484375
6 0.2314453125 0.599609375 0.11328125 0.1640625
4 0.1845703125 0.212890625 0.1015625 0.142578125
4 0.37109375 0.673828125 0.08203125 0.130859375
4 0.62890625 0.7998046875 0.076171875 0.123046875
4 0.57421875 0.708984375 0.076171875 0.126953125
4 0.3984375 0.4404296875 0.087890625 0.140625
4 0.431640625 0.2822265625 0.087890625 0.13671875