11 0.2412109375 0.76171875 0.099609375 0.189453125
2 0.7861328125 0.7529296875 0.107421875 0.21875
1 0.6337890625 0.947265625 0.072265625 0.10546875
6 0.720703125 0.9560546875 0.0703125 0.087890625
4 0.69921875 0.6904296875 0.064453125 0.115234375
6 0.9287109375 0.2392578125 0.103515625 0.158203125
4 0.814453125 0.220703125 0.080078125 0.126953125
3 0.69921875 0.3408203125 0.08984375 0.154296875
3 0.6171875 0.681640625 0.07421875 0.154296875
5 0.5302734375 0.5849609375 0.087890625 0.19921875
4 0.583984375 0.318359375 0.07421875 0.126953125
4 0.6298828125 0.4580078125 0.06640625 0.126953125
4 0.5634765625 0.8583984375 0.05859375 0.115234375
4 0.4794921875 0.939453125 0.052734375 0.11328125
4 0.5048828125 0.7529296875 0.0625 0.115234375
4 0.3603515625 0.5244140625 0.064453125 0.123046875
1 0.373046875 0.4306640625 0.076171875 0.158203125
8 0.142578125 0.5439453125 0.099609375 0.220703125
12 0.142578125 0.8955078125 0.0703125 0.138671875
9 0.3369140625 0.6552734375 0.078125 0.1484375
9 0.158203125 0.392578125 0.08984375 0.154296875
7 0.1376953125 0.82421875 0.076171875 0.16015625
7 0.1533203125 0.2626953125 0.08984375 0.16015625
10 0.234375 0.8232421875 0.05859375 0.10546875
10 0.2392578125 0.634765625 0.068359375 0.115234375
10 0.2646484375 0.2734375 0.07421875 0.134765625
10 0.2509765625 0.5234375 0.068359375 0.12109375
10 0.3759765625 0.9287109375 0.060546875 0.115234375
10 0.3994140625 0.7578125 0.060546875 0.12109375
10 0.451171875 0.4189453125 0.064453125 0.123046875