11 0.1728515625 0.2529296875 0.12109375 0.189453125
2 0.705078125 0.1962890625 0.1328125 0.21875
1 0.5283203125 0.041015625 0.080078125 0.08203125
6 0.609375 0.0263671875 0.08203125 0.052734375
4 0.62890625 0.267578125 0.080078125 0.1171875
6 0.9150390625 0.6748046875 0.119140625 0.162109375
4 0.8076171875 0.70703125 0.095703125 0.130859375
3 0.677734375 0.6064453125 0.103515625 0.154296875
3 0.55078125 0.28515625 0.09375 0.150390625
5 0.48046875 0.3896484375 0.11328125 0.1953125
4 0.5693359375 0.6416015625 0.08984375 0.130859375
4 0.5947265625 0.4990234375 0.08203125 0.12890625
4 0.47265625 0.12109375 0.072265625 0.11328125
4 0.3818359375 0.0615234375 0.0625 0.099609375
4 0.431640625 0.23046875 0.078125 0.119140625
4 0.3232421875 0.46875 0.076171875 0.123046875
1 0.3486328125 0.556640625 0.09765625 0.158203125
8 0.107421875 0.4755859375 0.125 0.21875
12 0.060546875 0.1513671875 0.080078125 0.111328125
9 0.2822265625 0.3427734375 0.09765625 0.150390625
9 0.14453125 0.62109375 0.109375 0.15625
7 0.0634765625 0.2041015625 0.095703125 0.16015625
7 0.1572265625 0.7431640625 0.10546875 0.162109375
10 0.158203125 0.1943359375 0.0703125 0.10546875
10 0.1884765625 0.375 0.08203125 0.1171875
10 0.265625 0.7216796875 0.091796875 0.1328125
10 0.216796875 0.48046875 0.08203125 0.12109375
10 0.28515625 0.0869140625 0.072265625 0.099609375
10 0.328125 0.2392578125 0.072265625 0.119140625
10 0.42578125 0.556640625 0.078125 0.123046875