11 0.27734375 0.2099609375 0.07421875 0.1708984375
2 0.7822265625 0.271484375 0.0791015625 0.197265625
1 0.662109375 0.0615234375 0.0556640625 0.123046875
6 0.744140625 0.0576171875 0.0556640625 0.115234375
4 0.6962890625 0.3212890625 0.05078125 0.103515625
6 0.865234375 0.76171875 0.08203125 0.1396484375
4 0.7568359375 0.767578125 0.0625 0.11328125
3 0.662109375 0.6455078125 0.0693359375 0.13671875
3 0.619140625 0.322265625 0.0556640625 0.1396484375
5 0.529296875 0.40234375 0.0625 0.1806640625
4 0.552734375 0.6552734375 0.0576171875 0.11328125
4 0.609375 0.5302734375 0.05078125 0.11328125
4 0.5869140625 0.15234375 0.04296875 0.103515625
4 0.5166015625 0.068359375 0.0380859375 0.103515625
4 0.521484375 0.244140625 0.0478515625 0.103515625
4 0.365234375 0.4423828125 0.0478515625 0.1103515625
1 0.3681640625 0.5302734375 0.0576171875 0.1416015625
8 0.166015625 0.40234375 0.072265625 0.19921875
12 0.19921875 0.0771484375 0.052734375 0.125
9 0.357421875 0.318359375 0.060546875 0.1318359375
9 0.1650390625 0.544921875 0.0693359375 0.13671875
7 0.1884765625 0.1416015625 0.0556640625 0.14453125
7 0.1474609375 0.6650390625 0.0693359375 0.1416015625
10 0.27734375 0.15234375 0.0458984375 0.09375
10 0.2646484375 0.328125 0.052734375 0.103515625
10 0.251953125 0.666015625 0.0576171875 0.1201171875
10 0.2646484375 0.431640625 0.052734375 0.1083984375
10 0.419921875 0.068359375 0.0458984375 0.103515625
10 0.423828125 0.2294921875 0.0458984375 0.1083984375
10 0.439453125 0.5478515625 0.0478515625 0.1103515625