11 0.7353515625 0.802734375 0.083984375 0.181640625
2 0.2060546875 0.7568359375 0.08984375 0.208984375
1 0.3388671875 0.953125 0.060546875 0.09375
6 0.25390625 0.958984375 0.0625 0.08203125
4 0.294921875 0.701171875 0.056640625 0.109375
6 0.1015625 0.2470703125 0.08984375 0.1484375
4 0.2138671875 0.2373046875 0.0703125 0.12109375
3 0.318359375 0.361328125 0.078125 0.146484375
3 0.375 0.6982421875 0.0625 0.146484375
5 0.4658203125 0.6103515625 0.072265625 0.19140625
4 0.4326171875 0.34765625 0.064453125 0.12109375
4 0.376953125 0.48046875 0.056640625 0.119140625
4 0.4150390625 0.873046875 0.048828125 0.109375
4 0.490234375 0.9521484375 0.04296875 0.095703125
4 0.4794921875 0.7763671875 0.052734375 0.109375
4 0.634765625 0.5625 0.0546875 0.1171875
1 0.6298828125 0.4716796875 0.06640625 0.150390625
8 0.845703125 0.59765625 0.08203125 0.2109375
12 0.822265625 0.931640625 0.060546875 0.1171875
9 0.6484375 0.6923828125 0.06640625 0.140625
9 0.8408203125 0.44921875 0.078125 0.146484375
7 0.830078125 0.8701171875 0.0625 0.15234375
7 0.8544921875 0.322265625 0.078125 0.150390625
10 0.7373046875 0.8623046875 0.05078125 0.099609375
10 0.7451171875 0.6787109375 0.05859375 0.109375
10 0.7451171875 0.3251953125 0.064453125 0.12890625
10 0.7412109375 0.5703125 0.060546875 0.115234375
10 0.591796875 0.94921875 0.05078125 0.09765625
10 0.5810546875 0.787109375 0.052734375 0.115234375
10 0.5537109375 0.455078125 0.0546875 0.1171875