11 0.248046875 0.1806640625 0.0771484375 0.1728515625
2 0.771484375 0.26171875 0.08203125 0.2021484375
1 0.6474609375 0.0517578125 0.0556640625 0.103515625
6 0.7314453125 0.048828125 0.060546875 0.09765625
4 0.6806640625 0.310546875 0.052734375 0.10546875
6 0.849609375 0.7744140625 0.083984375 0.14453125
4 0.73828125 0.7763671875 0.0673828125 0.115234375
3 0.640625 0.646484375 0.0693359375 0.1396484375
3 0.6005859375 0.3076171875 0.0576171875 0.1396484375
5 0.5068359375 0.3896484375 0.0673828125 0.1826171875
4 0.52734375 0.65234375 0.060546875 0.1181640625
4 0.5888671875 0.5224609375 0.052734375 0.1181640625
4 0.568359375 0.130859375 0.0458984375 0.103515625
4 0.49609375 0.0478515625 0.041015625 0.095703125
4 0.5009765625 0.224609375 0.05078125 0.1083984375
4 0.3369140625 0.423828125 0.0478515625 0.11328125
1 0.337890625 0.515625 0.060546875 0.146484375
8 0.12890625 0.3759765625 0.07421875 0.2041015625
12 0.1669921875 0.0517578125 0.0556640625 0.103515625
9 0.3291015625 0.294921875 0.0625 0.13671875
9 0.1259765625 0.5244140625 0.07421875 0.1396484375
7 0.15625 0.10546875 0.0576171875 0.1494140625
7 0.107421875 0.6455078125 0.0693359375 0.146484375
10 0.2490234375 0.1201171875 0.0458984375 0.095703125
10 0.232421875 0.30078125 0.0556640625 0.10546875
10 0.216796875 0.6513671875 0.0625 0.1201171875
10 0.232421875 0.408203125 0.0556640625 0.1103515625
10 0.3974609375 0.046875 0.05078125 0.09375
10 0.400390625 0.20703125 0.0458984375 0.1103515625
10 0.412109375 0.53515625 0.05078125 0.11328125