11 0.2939453125 0.146484375 0.1015625 0.185546875
2 0.8125 0.3046875 0.111328125 0.21484375
1 0.716796875 0.076171875 0.0703125 0.107421875
6 0.8017578125 0.0859375 0.07421875 0.103515625
4 0.712890625 0.33984375 0.068359375 0.11328125
6 0.818359375 0.83203125 0.10546875 0.158203125
4 0.705078125 0.818359375 0.083984375 0.125
3 0.6259765625 0.673828125 0.08984375 0.150390625
3 0.6328125 0.3251953125 0.078125 0.1484375
5 0.52734375 0.3955078125 0.09375 0.193359375
4 0.5107421875 0.6630859375 0.078125 0.126953125
4 0.5908203125 0.541015625 0.0703125 0.126953125
4 0.6259765625 0.142578125 0.060546875 0.111328125
4 0.564453125 0.0517578125 0.0546875 0.09765625
4 0.5439453125 0.228515625 0.06640625 0.1171875
4 0.349609375 0.40625 0.064453125 0.12109375
1 0.3388671875 0.498046875 0.08203125 0.15625
8 0.146484375 0.328125 0.103515625 0.216796875
12 0.23046875 0.0302734375 0.0703125 0.060546875
9 0.361328125 0.2734375 0.08203125 0.146484375
9 0.1240234375 0.4765625 0.095703125 0.15234375
7 0.2119140625 0.068359375 0.080078125 0.13671875
7 0.0869140625 0.5966796875 0.091796875 0.158203125
10 0.3046875 0.0859375 0.060546875 0.103515625
10 0.26171875 0.2666015625 0.0703125 0.115234375
10 0.1962890625 0.6181640625 0.080078125 0.12890625
10 0.24609375 0.3759765625 0.072265625 0.119140625
10 0.4638671875 0.041015625 0.064453125 0.08203125
10 0.4453125 0.1953125 0.0625 0.1171875
10 0.41015625 0.52734375 0.06640625 0.12109375