2 0.751953125 0.5791015625 0.091796875 0.216796875
6 0.8740234375 0.732421875 0.083984375 0.15625
3 0.4599609375 0.3603515625 0.0791015625 0.14453125
5 0.625 0.26171875 0.072265625 0.1923828125
4 0.7080078125 0.189453125 0.0556640625 0.125
4 0.54296875 0.2705078125 0.052734375 0.11328125
4 0.6513671875 0.48828125 0.052734375 0.1201171875
12 0.671875 0.7080078125 0.07421875 0.1513671875
9 0.53515625 0.0927734375 0.064453125 0.1513671875
8 0.2822265625 0.3349609375 0.0791015625 0.2138671875
12 0.2236328125 0.0302734375 0.0625 0.060546875
11 0.37890625 0.2509765625 0.060546875 0.185546875
10 0.4580078125 0.2666015625 0.060546875 0.125
10 0.3017578125 0.033203125 0.056640625 0.06640625
10 0.3017578125 0.171875 0.0556640625 0.1181640625
10 0.2744140625 0.587890625 0.0625 0.1181640625