2 0.2275390625 0.5419921875 0.126953125 0.234375
6 0.0791015625 0.677734375 0.111328125 0.171875
3 0.5595703125 0.3671875 0.103515625 0.16015625
5 0.408203125 0.240234375 0.103515625 0.20703125
4 0.3349609375 0.1533203125 0.076171875 0.13671875
4 0.490234375 0.2607421875 0.072265625 0.123046875
4 0.345703125 0.4658203125 0.07421875 0.130859375
12 0.2890625 0.685546875 0.1015625 0.166015625
9 0.52734375 0.08203125 0.08984375 0.1640625
8 0.7451171875 0.3701171875 0.115234375 0.23046875
12 0.853515625 0.07421875 0.072265625 0.05859375
11 0.66015625 0.2685546875 0.08984375 0.197265625
10 0.5771484375 0.2724609375 0.080078125 0.13671875
10 0.771484375 0.0654296875 0.068359375 0.064453125
10 0.751953125 0.201171875 0.07421875 0.12890625
10 0.712890625 0.6279296875 0.08203125 0.12890625