2 0.734375 0.5322265625 0.140625 0.232421875
6 0.888671875 0.65234375 0.1171875 0.171875
3 0.3994140625 0.37890625 0.115234375 0.16015625
5 0.5390625 0.25 0.1171875 0.205078125
4 0.603515625 0.1611328125 0.0859375 0.134765625
4 0.4619140625 0.2744140625 0.080078125 0.125
4 0.615234375 0.462890625 0.078125 0.12890625
12 0.685546875 0.6728515625 0.111328125 0.166015625
9 0.412109375 0.103515625 0.1015625 0.1640625
8 0.220703125 0.390625 0.12890625 0.2265625
12 0.0966796875 0.1103515625 0.072265625 0.0625
11 0.296875 0.2900390625 0.103515625 0.1953125
10 0.3779296875 0.287109375 0.087890625 0.134765625
10 0.173828125 0.095703125 0.06640625 0.068359375
10 0.2021484375 0.2265625 0.083984375 0.126953125
10 0.2685546875 0.6376953125 0.08984375 0.130859375