2 0.775390625 0.513671875 0.1328125 0.2421875
6 0.927734375 0.6533203125 0.115234375 0.1796875
3 0.4306640625 0.33203125 0.107421875 0.166015625
5 0.587890625 0.2001953125 0.107421875 0.21484375
4 0.6630859375 0.1103515625 0.078125 0.140625
4 0.5029296875 0.22265625 0.07421875 0.126953125
4 0.65234375 0.4345703125 0.076171875 0.134765625
12 0.7119140625 0.662109375 0.103515625 0.171875
9 0.466796875 0.060546875 0.0859375 0.12109375
8 0.23828125 0.3349609375 0.119140625 0.23828125
11 0.326171875 0.23046875 0.09375 0.205078125
10 0.412109375 0.2333984375 0.083984375 0.142578125
10 0.2314453125 0.16015625 0.078125 0.1328125
10 0.2724609375 0.6025390625 0.0859375 0.134765625