2 0.76171875 0.3408203125 0.126953125 0.248046875
6 0.8720703125 0.154296875 0.111328125 0.181640625
3 0.4736328125 0.6298828125 0.107421875 0.169921875
5 0.6640625 0.708984375 0.103515625 0.220703125
4 0.7626953125 0.7705078125 0.08203125 0.14453125
4 0.5751953125 0.7119140625 0.072265625 0.1328125
4 0.6640625 0.458984375 0.072265625 0.13671875
12 0.6591796875 0.2158203125 0.1015625 0.17578125
9 0.5888671875 0.9072265625 0.08984375 0.171875
8 0.2890625 0.6923828125 0.11328125 0.2421875
11 0.40234375 0.7626953125 0.08984375 0.2109375
10 0.4853515625 0.7333984375 0.08203125 0.14453125
10 0.3447265625 0.9873046875 0.064453125 0.025390625
10 0.328125 0.8642578125 0.076171875 0.1328125
10 0.2470703125 0.4208984375 0.083984375 0.13671875