2 0.2724609375 0.59765625 0.0888671875 0.208984375
6 0.1572265625 0.74609375 0.0791015625 0.1513671875
3 0.5517578125 0.375 0.0791015625 0.1396484375
5 0.390625 0.2861328125 0.0693359375 0.1875
4 0.30859375 0.21875 0.0556640625 0.1201171875
4 0.46875 0.291015625 0.052734375 0.1103515625
4 0.369140625 0.5048828125 0.05078125 0.115234375
12 0.3525390625 0.7177734375 0.07421875 0.146484375
9 0.474609375 0.119140625 0.064453125 0.146484375
8 0.720703125 0.34375 0.0771484375 0.20703125
12 0.7724609375 0.0380859375 0.060546875 0.076171875
11 0.626953125 0.267578125 0.0576171875 0.1806640625
10 0.55078125 0.283203125 0.0576171875 0.1201171875
10 0.697265625 0.0419921875 0.052734375 0.083984375
10 0.701171875 0.1865234375 0.0556640625 0.11328125
10 0.734375 0.5869140625 0.060546875 0.115234375