2 0.267578125 0.4013671875 0.09375 0.21484375
6 0.15234375 0.248046875 0.083984375 0.15625
3 0.5478515625 0.6337890625 0.083984375 0.14453125
5 0.3818359375 0.720703125 0.07421875 0.193359375
4 0.2978515625 0.7880859375 0.05859375 0.123046875
4 0.4619140625 0.716796875 0.0546875 0.11328125
4 0.3642578125 0.498046875 0.0546875 0.1171875
12 0.3505859375 0.2802734375 0.078125 0.150390625
9 0.46484375 0.892578125 0.068359375 0.150390625
8 0.7197265625 0.66796875 0.08203125 0.212890625
12 0.767578125 0.9697265625 0.0625 0.060546875
11 0.6240234375 0.7431640625 0.0625 0.185546875
10 0.544921875 0.7265625 0.060546875 0.123046875
10 0.6884765625 0.9658203125 0.056640625 0.068359375
10 0.6962890625 0.8291015625 0.05859375 0.115234375
10 0.7373046875 0.4208984375 0.064453125 0.119140625