2 0.1884765625 0.546875 0.138671875 0.24609375
6 0.044921875 0.6865234375 0.08984375 0.181640625
3 0.5419921875 0.365234375 0.115234375 0.169921875
5 0.3896484375 0.234375 0.115234375 0.216796875
4 0.3173828125 0.1484375 0.087890625 0.142578125
4 0.4736328125 0.2587890625 0.078125 0.130859375
4 0.314453125 0.466796875 0.080078125 0.13671875
12 0.24609375 0.6943359375 0.109375 0.173828125
9 0.51953125 0.0791015625 0.09765625 0.158203125
8 0.732421875 0.36328125 0.126953125 0.2421875
12 0.853515625 0.07421875 0.07421875 0.041015625
11 0.6484375 0.2646484375 0.1015625 0.20703125
10 0.5634765625 0.2666015625 0.087890625 0.142578125
10 0.7734375 0.0625 0.06640625 0.046875
10 0.748046875 0.1923828125 0.08203125 0.1328125
10 0.689453125 0.62890625 0.08984375 0.13671875