2 0.212890625 0.5986328125 0.09375 0.2255859375
6 0.0869140625 0.76171875 0.0869140625 0.1630859375
3 0.517578125 0.3583984375 0.083984375 0.154296875
5 0.34765625 0.26171875 0.07421875 0.2021484375
4 0.26171875 0.1923828125 0.0625 0.1298828125
4 0.431640625 0.26953125 0.0556640625 0.1201171875
4 0.318359375 0.498046875 0.0556640625 0.125
12 0.2958984375 0.728515625 0.0771484375 0.158203125
9 0.4423828125 0.0830078125 0.0673828125 0.15625
8 0.69921875 0.3212890625 0.08203125 0.2236328125
12 0.7607421875 0.017578125 0.068359375 0.03515625
11 0.6005859375 0.2412109375 0.0625 0.1943359375
10 0.51953125 0.259765625 0.0625 0.1298828125
10 0.6826171875 0.021484375 0.0576171875 0.04296875
10 0.6826171875 0.154296875 0.0576171875 0.1201171875
10 0.7080078125 0.5830078125 0.064453125 0.123046875