6 0.830078125 0.7861328125 0.08203125 0.146484375
2 0.6376953125 0.744140625 0.0859375 0.21484375
5 0.580078125 0.3154296875 0.078125 0.1796875
4 0.66796875 0.240234375 0.0546875 0.109375
4 0.60546875 0.5400390625 0.0625 0.11328125
4 0.4970703125 0.32421875 0.0546875 0.11328125
8 0.3291015625 0.396484375 0.083984375 0.203125
12 0.15234375 0.232421875 0.072265625 0.12890625
10 0.2529296875 0.06640625 0.05859375 0.109375
10 0.3408203125 0.1630859375 0.056640625 0.11328125
10 0.412109375 0.328125 0.056640625 0.111328125
10 0.22265625 0.6669921875 0.064453125 0.125