6 0.119140625 0.802734375 0.0791015625 0.1494140625
2 0.314453125 0.759765625 0.0869140625 0.216796875
5 0.3857421875 0.3291015625 0.07421875 0.1826171875
4 0.298828125 0.2509765625 0.05078125 0.1083984375
4 0.3525390625 0.552734375 0.060546875 0.115234375
4 0.466796875 0.333984375 0.052734375 0.115234375
8 0.634765625 0.40625 0.08203125 0.20703125
12 0.818359375 0.2412109375 0.0693359375 0.126953125
10 0.72265625 0.076171875 0.060546875 0.1083984375
10 0.6318359375 0.1728515625 0.0576171875 0.115234375
10 0.5537109375 0.337890625 0.0556640625 0.11328125
10 0.7333984375 0.6787109375 0.0625 0.126953125