6 0.126953125 0.275390625 0.103515625 0.15625
2 0.322265625 0.2822265625 0.12109375 0.22265625
5 0.4501953125 0.6884765625 0.10546875 0.1875
4 0.3779296875 0.7763671875 0.072265625 0.115234375
4 0.3876953125 0.4755859375 0.080078125 0.12109375
4 0.529296875 0.6650390625 0.072265625 0.119140625
8 0.6806640625 0.5673828125 0.1171875 0.2109375
12 0.8798828125 0.6962890625 0.091796875 0.13671875
10 0.810546875 0.8740234375 0.076171875 0.115234375
10 0.7099609375 0.794921875 0.07421875 0.12109375
10 0.611328125 0.6474609375 0.07421875 0.1171875
10 0.7373046875 0.2861328125 0.083984375 0.1328125