6 0.8916015625 0.1552734375 0.09765625 0.16796875
2 0.681640625 0.216796875 0.111328125 0.2421875
5 0.6376953125 0.6904296875 0.095703125 0.205078125
4 0.73828125 0.7685546875 0.0625 0.12109375
4 0.6572265625 0.4443359375 0.07421875 0.130859375
4 0.55078125 0.6904296875 0.06640625 0.12890625
8 0.3623046875 0.625 0.103515625 0.23046875
12 0.1748046875 0.818359375 0.0859375 0.14453125
10 0.2890625 0.96484375 0.0703125 0.0703125
10 0.3828125 0.8779296875 0.0703125 0.130859375
10 0.455078125 0.693359375 0.068359375 0.126953125
10 0.234375 0.3369140625 0.078125 0.142578125