6 0.171875 0.7822265625 0.0791015625 0.1416015625
2 0.359375 0.7412109375 0.083984375 0.208984375
5 0.4150390625 0.326171875 0.07421875 0.17578125
4 0.3291015625 0.251953125 0.052734375 0.10546875
4 0.390625 0.54296875 0.060546875 0.1103515625
4 0.4951171875 0.333984375 0.052734375 0.1103515625
8 0.658203125 0.404296875 0.08203125 0.197265625
12 0.830078125 0.2451171875 0.0693359375 0.125
10 0.7333984375 0.083984375 0.0576171875 0.10546875
10 0.6474609375 0.177734375 0.0556640625 0.1103515625
10 0.578125 0.337890625 0.0556640625 0.1083984375
10 0.76171875 0.6669921875 0.0625 0.123046875