6 0.1318359375 0.7822265625 0.0771484375 0.146484375
2 0.326171875 0.7353515625 0.083984375 0.216796875
5 0.3916015625 0.3076171875 0.072265625 0.1826171875
4 0.3076171875 0.2333984375 0.052734375 0.1103515625
4 0.361328125 0.53125 0.060546875 0.115234375
4 0.4736328125 0.3125 0.052734375 0.115234375
8 0.640625 0.380859375 0.0791015625 0.2041015625
12 0.822265625 0.21484375 0.0673828125 0.126953125
10 0.724609375 0.052734375 0.060546875 0.10546875
10 0.6357421875 0.150390625 0.0556640625 0.11328125
10 0.560546875 0.31640625 0.052734375 0.11328125
10 0.740234375 0.6494140625 0.0625 0.1298828125