6 0.83203125 0.1513671875 0.099609375 0.16015625
2 0.6416015625 0.2265625 0.115234375 0.232421875
5 0.6357421875 0.669921875 0.099609375 0.1953125
4 0.732421875 0.7333984375 0.068359375 0.119140625
4 0.634765625 0.4384765625 0.078125 0.125
4 0.552734375 0.6767578125 0.0703125 0.125
8 0.3720703125 0.630859375 0.109375 0.21875
12 0.212890625 0.8251953125 0.0859375 0.138671875
10 0.3330078125 0.958984375 0.076171875 0.08203125
10 0.41015625 0.8642578125 0.072265625 0.123046875
10 0.4638671875 0.685546875 0.0703125 0.123046875
10 0.2333984375 0.3740234375 0.08203125 0.140625