6 0.9462890625 0.8046875 0.099609375 0.169921875
2 0.7294921875 0.77734375 0.115234375 0.2421875
5 0.611328125 0.31640625 0.09765625 0.205078125
4 0.6982421875 0.2236328125 0.064453125 0.123046875
4 0.669921875 0.5556640625 0.076171875 0.130859375
4 0.5244140625 0.3291015625 0.068359375 0.130859375
8 0.349609375 0.423828125 0.107421875 0.232421875
12 0.1328125 0.2626953125 0.087890625 0.14453125
10 0.2236328125 0.0771484375 0.076171875 0.115234375
10 0.3291015625 0.1708984375 0.072265625 0.130859375
10 0.4296875 0.341796875 0.0703125 0.126953125
10 0.2685546875 0.7294921875 0.080078125 0.14453125