6 0.05078125 0.296875 0.1015625 0.17578125
2 0.263671875 0.302734375 0.140625 0.25390625
5 0.43359375 0.7509765625 0.12109375 0.21484375
4 0.359375 0.8505859375 0.08203125 0.130859375
4 0.349609375 0.515625 0.091796875 0.138671875
4 0.521484375 0.7265625 0.083984375 0.13671875
8 0.685546875 0.6142578125 0.1328125 0.23828125
12 0.9208984375 0.751953125 0.1015625 0.15234375
10 0.8447265625 0.9150390625 0.07421875 0.05859375
10 0.734375 0.8642578125 0.0859375 0.134765625
10 0.6142578125 0.7021484375 0.083984375 0.134765625
10 0.732421875 0.30078125 0.09765625 0.154296875