2 0.771484375 0.7451171875 0.1015625 0.208984375
5 0.521484375 0.6005859375 0.083984375 0.1875
1 0.62890625 0.947265625 0.0703125 0.10546875
6 0.712890625 0.9541015625 0.0625 0.091796875
6 0.896484375 0.2451171875 0.09765625 0.1484375
4 0.7841796875 0.2373046875 0.07421875 0.123046875
3 0.6669921875 0.3681640625 0.087890625 0.1640625
3 0.6015625 0.6962890625 0.072265625 0.1484375
4 0.685546875 0.6953125 0.0625 0.109375
4 0.55859375 0.865234375 0.056640625 0.109375
4 0.4990234375 0.7705078125 0.056640625 0.11328125
4 0.6220703125 0.4853515625 0.0625 0.119140625
4 0.5634765625 0.349609375 0.064453125 0.119140625
4 0.3505859375 0.564453125 0.05859375 0.10546875
1 0.3623046875 0.4677734375 0.072265625 0.15234375
10 0.2353515625 0.853515625 0.0546875 0.11328125
11 0.24609375 0.798828125 0.076171875 0.1796875
8 0.1435546875 0.6005859375 0.09375 0.205078125
9 0.1552734375 0.4521484375 0.091796875 0.15234375
7 0.1435546875 0.865234375 0.08203125 0.14453125
7 0.1455078125 0.3271484375 0.08203125 0.150390625
9 0.3369140625 0.6923828125 0.076171875 0.142578125
12 0.150390625 0.921875 0.076171875 0.11328125
10 0.376953125 0.9423828125 0.056640625 0.1015625
10 0.3974609375 0.77734375 0.060546875 0.1171875
10 0.2373046875 0.67578125 0.0625 0.11328125
10 0.2451171875 0.5693359375 0.068359375 0.11328125
10 0.2529296875 0.3310546875 0.072265625 0.123046875
10 0.4375 0.453125 0.060546875 0.1171875