2 0.244140625 0.7255859375 0.095703125 0.212890625
5 0.5078125 0.5859375 0.078125 0.189453125
1 0.3740234375 0.9423828125 0.064453125 0.115234375
6 0.287109375 0.947265625 0.0625 0.10546875
6 0.15234375 0.2119140625 0.091796875 0.1484375
4 0.2666015625 0.2109375 0.07421875 0.123046875
3 0.3779296875 0.3447265625 0.083984375 0.1640625
3 0.419921875 0.6806640625 0.068359375 0.1484375
4 0.3349609375 0.6767578125 0.0546875 0.109375
4 0.451171875 0.853515625 0.0546875 0.109375
4 0.5185546875 0.7607421875 0.0546875 0.111328125
4 0.4130859375 0.46484375 0.05859375 0.119140625
4 0.48046875 0.330078125 0.0625 0.119140625
4 0.681640625 0.556640625 0.056640625 0.10546875
1 0.6796875 0.4560546875 0.072265625 0.15625
10 0.7783203125 0.8525390625 0.0546875 0.11328125
11 0.7724609375 0.794921875 0.0703125 0.177734375
8 0.8916015625 0.59765625 0.08984375 0.203125
9 0.888671875 0.447265625 0.087890625 0.1484375
7 0.87109375 0.8671875 0.080078125 0.14453125
7 0.9072265625 0.3212890625 0.076171875 0.1484375
9 0.689453125 0.6845703125 0.07421875 0.140625
12 0.8603515625 0.9287109375 0.076171875 0.119140625
10 0.630859375 0.9423828125 0.0546875 0.109375
10 0.62109375 0.7705078125 0.05859375 0.1171875
10 0.7890625 0.669921875 0.05859375 0.111328125
10 0.7880859375 0.564453125 0.064453125 0.115234375
10 0.798828125 0.3193359375 0.07421875 0.123046875
10 0.603515625 0.4384765625 0.05859375 0.1171875