2 0.841346154296875 0.1875 0.75480769140625 0.1875 0.75480769140625 0.389423076171875 0.841346154296875 0.389423076171875 0.841346154296875 0.1875
5 0.576923076171875 0.322115384765625 0.5072115390625 0.322115384765625 0.5072115390625 0.50480769140625 0.576923076171875 0.50480769140625 0.576923076171875 0.322115384765625
1 0.701923076171875 0.0072115390625 0.641826923828125 0.0072115390625 0.641826923828125 0.12980769140625 0.701923076171875 0.12980769140625 0.701923076171875 0.0072115390625
6 0.78605769140625 0.009615384765625 0.728365384765625 0.009615384765625 0.728365384765625 0.125 0.78605769140625 0.125 0.78605769140625 0.009615384765625
6 0.9302884609375 0.71875 0.846153845703125 0.71875 0.846153845703125 0.860576923828125 0.9302884609375 0.860576923828125 0.9302884609375 0.71875
4 0.8125 0.728365384765625 0.74519230859375 0.728365384765625 0.74519230859375 0.846153845703125 0.8125 0.846153845703125 0.8125 0.728365384765625
3 0.70673076953125 0.57451923046875 0.6322115390625 0.57451923046875 0.6322115390625 0.73076923046875 0.70673076953125 0.73076923046875 0.70673076953125 0.57451923046875
3 0.658653845703125 0.25480769140625 0.596153845703125 0.25480769140625 0.596153845703125 0.396634615234375 0.658653845703125 0.396634615234375 0.658653845703125 0.25480769140625
4 0.735576923828125 0.278846154296875 0.68269230859375 0.278846154296875 0.68269230859375 0.384615384765625 0.735576923828125 0.384615384765625 0.735576923828125 0.278846154296875
4 0.622596154296875 0.103365384765625 0.572115384765625 0.103365384765625 0.572115384765625 0.209134615234375 0.622596154296875 0.209134615234375 0.622596154296875 0.103365384765625
4 0.5552884609375 0.189903845703125 0.5072115390625 0.189903845703125 0.5072115390625 0.298076923828125 0.5552884609375 0.298076923828125 0.5552884609375 0.189903845703125
4 0.66105769140625 0.478365384765625 0.608173076171875 0.478365384765625 0.608173076171875 0.591346154296875 0.66105769140625 0.591346154296875 0.66105769140625 0.478365384765625
4 0.596153845703125 0.608173076171875 0.540865384765625 0.608173076171875 0.540865384765625 0.72355769140625 0.596153845703125 0.72355769140625 0.596153845703125 0.608173076171875
4 0.396634615234375 0.384615384765625 0.346153845703125 0.384615384765625 0.346153845703125 0.48798076953125 0.396634615234375 0.48798076953125 0.396634615234375 0.384615384765625
1 0.40625 0.4615384609375 0.34375 0.4615384609375 0.34375 0.608173076171875 0.40625 0.608173076171875 0.40625 0.4615384609375
10 0.3052884609375 0.08894230859375 0.25480769140625 0.08894230859375 0.25480769140625 0.197115384765625 0.3052884609375 0.197115384765625 0.3052884609375 0.08894230859375
11 0.31730769140625 0.11298076953125 0.25480769140625 0.11298076953125 0.25480769140625 0.28605769140625 0.31730769140625 0.28605769140625 0.31730769140625 0.11298076953125
8 0.209134615234375 0.2884615390625 0.1322115390625 0.2884615390625 0.1322115390625 0.485576923828125 0.209134615234375 0.485576923828125 0.209134615234375 0.2884615390625
9 0.2115384609375 0.4615384609375 0.1322115390625 0.4615384609375 0.1322115390625 0.603365384765625 0.2115384609375 0.603365384765625 0.2115384609375 0.4615384609375
7 0.22355769140625 0.0552884609375 0.15144230859375 0.0552884609375 0.15144230859375 0.1947115390625 0.22355769140625 0.1947115390625 0.22355769140625 0.0552884609375
7 0.189903845703125 0.584134615234375 0.12019230859375 0.584134615234375 0.12019230859375 0.728365384765625 0.189903845703125 0.728365384765625 0.189903845703125 0.584134615234375
9 0.3990384609375 0.240384615234375 0.334134615234375 0.240384615234375 0.334134615234375 0.377403845703125 0.3990384609375 0.377403845703125 0.3990384609375 0.240384615234375
12 0.233173076171875 0.002403845703125 0.165865384765625 0.002403845703125 0.165865384765625 0.125 0.233173076171875 0.125 0.233173076171875 0.002403845703125
10 0.44951923046875 0.00480769140625 0.3990384609375 0.00480769140625 0.3990384609375 0.115384615234375 0.44951923046875 0.115384615234375 0.44951923046875 0.00480769140625
10 0.45673076953125 0.173076923828125 0.40625 0.173076923828125 0.40625 0.28605769140625 0.45673076953125 0.28605769140625 0.45673076953125 0.173076923828125
10 0.295673076171875 0.266826923828125 0.2427884609375 0.266826923828125 0.2427884609375 0.375 0.295673076171875 0.375 0.295673076171875 0.266826923828125
10 0.298076923828125 0.37019230859375 0.240384615234375 0.37019230859375 0.240384615234375 0.478365384765625 0.298076923828125 0.478365384765625 0.298076923828125 0.37019230859375
10 0.29326923046875 0.6009615390625 0.228365384765625 0.6009615390625 0.228365384765625 0.71875 0.29326923046875 0.71875 0.29326923046875 0.6009615390625
10 0.4759615390625 0.49519230859375 0.423076923828125 0.49519230859375 0.423076923828125 0.60576923046875 0.4759615390625 0.60576923046875 0.4759615390625 0.49519230859375