2 0.216145833984375 0.153645833984375 0.122395833984375 0.153645833984375 0.122395833984375 0.372395833984375 0.216145833984375 0.372395833984375 0.216145833984375 0.153645833984375
5 0.484375 0.299479166015625 0.408854166015625 0.299479166015625 0.408854166015625 0.497395833984375 0.484375 0.497395833984375 0.484375 0.299479166015625
1 0.2734375 0 0.2734375 0.091145833984375 0.338541666015625 0.091145833984375 0.338541666015625 0 0.2734375 0
6 0.182291666015625 0 0.182291666015625 0.0859375 0.244791666015625 0.0859375 0.244791666015625 0 0.182291666015625 0
6 0.1171875 0.729166666015625 0.026041666015625 0.729166666015625 0.026041666015625 0.8828125 0.1171875 0.8828125 0.1171875 0.729166666015625
4 0.2265625 0.739583333984375 0.153645833984375 0.739583333984375 0.153645833984375 0.8671875 0.2265625 0.8671875 0.2265625 0.739583333984375
3 0.348958333984375 0.572916666015625 0.268229166015625 0.572916666015625 0.268229166015625 0.7421875 0.348958333984375 0.7421875 0.348958333984375 0.572916666015625
3 0.388020833984375 0.2265625 0.3203125 0.2265625 0.3203125 0.380208333984375 0.388020833984375 0.380208333984375 0.388020833984375 0.2265625
4 0.294270833984375 0.252604166015625 0.236979166015625 0.252604166015625 0.236979166015625 0.3671875 0.294270833984375 0.3671875 0.294270833984375 0.252604166015625
4 0.4140625 0.0625 0.359375 0.0625 0.359375 0.177083333984375 0.4140625 0.177083333984375 0.4140625 0.0625
4 0.484375 0.15625 0.432291666015625 0.15625 0.432291666015625 0.2734375 0.484375 0.2734375 0.484375 0.15625
4 0.375 0.46875 0.317708333984375 0.46875 0.317708333984375 0.591145833984375 0.375 0.591145833984375 0.375 0.46875
4 0.447916666015625 0.609375 0.388020833984375 0.609375 0.388020833984375 0.734375 0.447916666015625 0.734375 0.447916666015625 0.609375
4 0.658854166015625 0.3671875 0.604166666015625 0.3671875 0.604166666015625 0.479166666015625 0.658854166015625 0.479166666015625 0.658854166015625 0.3671875
1 0.661458333984375 0.450520833984375 0.59375 0.450520833984375 0.59375 0.609375 0.661458333984375 0.609375 0.661458333984375 0.450520833984375
10 0.7578125 0.046875 0.703125 0.046875 0.703125 0.1640625 0.7578125 0.1640625 0.7578125 0.046875
11 0.7578125 0.072916666015625 0.690104166015625 0.072916666015625 0.690104166015625 0.260416666015625 0.7578125 0.260416666015625 0.7578125 0.072916666015625
8 0.890625 0.263020833984375 0.807291666015625 0.263020833984375 0.807291666015625 0.4765625 0.890625 0.4765625 0.890625 0.263020833984375
9 0.890625 0.450520833984375 0.8046875 0.450520833984375 0.8046875 0.604166666015625 0.890625 0.604166666015625 0.890625 0.450520833984375
7 0.869791666015625 0.010416666015625 0.791666666015625 0.010416666015625 0.791666666015625 0.161458333984375 0.869791666015625 0.161458333984375 0.869791666015625 0.010416666015625
7 0.903645833984375 0.583333333984375 0.828125 0.583333333984375 0.828125 0.739583333984375 0.903645833984375 0.739583333984375 0.903645833984375 0.583333333984375
9 0.671875 0.2109375 0.6015625 0.2109375 0.6015625 0.359375 0.671875 0.359375 0.671875 0.2109375
12 0.78125 0 0.78125 0.0859375 0.854166666015625 0.0859375 0.854166666015625 0 0.78125 0
10 0.546875 0 0.546875 0.075520833984375 0.6015625 0.075520833984375 0.6015625 0 0.546875 0
10 0.59375 0.138020833984375 0.5390625 0.138020833984375 0.5390625 0.260416666015625 0.59375 0.260416666015625 0.59375 0.138020833984375
10 0.770833333984375 0.239583333984375 0.713541666015625 0.239583333984375 0.713541666015625 0.356770833984375 0.770833333984375 0.356770833984375 0.770833333984375 0.239583333984375
10 0.7734375 0.3515625 0.7109375 0.3515625 0.7109375 0.46875 0.7734375 0.46875 0.7734375 0.3515625
10 0.786458333984375 0.6015625 0.716145833984375 0.6015625 0.716145833984375 0.729166666015625 0.786458333984375 0.729166666015625 0.786458333984375 0.6015625
10 0.575520833984375 0.486979166015625 0.518229166015625 0.486979166015625 0.518229166015625 0.606770833984375 0.575520833984375 0.606770833984375 0.575520833984375 0.486979166015625