2 0.686055658203125 0.865082119140625 0.7787222734375 0.884779015625 0.82468169921875 0.668556916015625 0.732015083984375 0.64886001953125 0.686055658203125 0.865082119140625
5 0.451565794921875 0.664579041015625 0.526213900390625 0.680445984375 0.567796240234375 0.48481646484375 0.4931481328125 0.46894951953125 0.451565794921875 0.664579041015625
1 0.598189837890625 1 0.616294796875 0.914822869140625 0.551942978515625 0.90114446875 0.530930587890625 1 0.598189837890625 1
6 0.692352787109375 1 0.70529306640625 0.93912077734375 0.64351532421875 0.92598951171875 0.627783908203125 1 0.692352787109375 1
6 1 0.178509453125 0.937068505859375 0.165132951171875 0.90478748046875 0.317003236328125 0.9948800234375 0.336152998046875 1 0.31206540234375 1 0.178509453125
4 0.798864974609375 0.283727232421875 0.8709390078125 0.299047041015625 0.897748671875 0.172917482421875 0.825674640625 0.157597673828125 0.798864974609375 0.283727232421875
3 0.64286685546875 0.42275248828125 0.722663107421875 0.439713705078125 0.75822694921875 0.272398984375 0.678430697265625 0.255437767578125 0.64286685546875 0.42275248828125
3 0.531486671875 0.756897107421875 0.598412560546875 0.77112264453125 0.630693587890625 0.619252359375 0.56376769921875 0.605026822265625 0.531486671875 0.756897107421875
4 0.6296246484375 0.750853279296875 0.68625424609375 0.762890271484375 0.710328232421875 0.64963107421875 0.653698634765625 0.63759408203125 0.6296246484375 0.750853279296875
4 0.471276376953125 0.91359232421875 0.52533190234375 0.9250821796875 0.549405888671875 0.811822984375 0.49535036328125 0.800333126953125 0.471276376953125 0.91359232421875
4 0.4214733125 0.806153037109375 0.472954765625 0.8170957578125 0.49757588671875 0.70126248828125 0.446094435546875 0.690319767578125 0.4214733125 0.806153037109375
4 0.5952406875 0.520244033203125 0.65187028515625 0.532281025390625 0.6775856796875 0.411299611328125 0.62095608203125 0.399262619140625 0.5952406875 0.520244033203125
4 0.552712 0.36592430078125 0.611915669921875 0.3785084296875 0.63817819921875 0.254952943359375 0.578974529296875 0.24236881640625 0.552712 0.36592430078125
4 0.293328466796875 0.560995037109375 0.3473839921875 0.57248489453125 0.370910841796875 0.461799771484375 0.316855314453125 0.4503099140625 0.293328466796875 0.560995037109375
1 0.308262744140625 0.478077578125 0.3751886328125 0.492303115234375 0.408563931640625 0.33528468359375 0.34163804296875 0.321059146484375 0.308262744140625 0.478077578125
10 0.128215974609375 0.856814802734375 0.1822715 0.86830466015625 0.20689262109375 0.752471390625 0.152837095703125 0.74098153515625 0.128215974609375 0.856814802734375
11 0.133687333984375 0.831074078125 0.20061322265625 0.84529961328125 0.240007017578125 0.659966384765625 0.17308112890625 0.64574084765625 0.133687333984375 0.831074078125
8 0.04235055859375 0.6152628359375 0.124720884765625 0.632771189453125 0.1695860390625 0.421697234375 0.087215712890625 0.4041888828125 0.04235055859375 0.6152628359375
9 0.081744353515625 0.429929607421875 0.16668875 0.44798509765625 0.198969775390625 0.296114810546875 0.11402537890625 0.278059322265625 0.081744353515625 0.429929607421875
7 0.009870947265625 0.869324970703125 0.087093125 0.88573905078125 0.118827013671875 0.73644283984375 0.0416048359375 0.720028759765625 0.009870947265625 0.869324970703125
7 0.096777927734375 0.29591622265625 0.171426033203125 0.31178316796875 0.2042541953125 0.157338810546875 0.12960608984375 0.141471865234375 0.096777927734375 0.29591622265625
9 0.24762994140625 0.712703716796875 0.31712990234375 0.727476390625 0.348316654296875 0.58075425 0.2788166953125 0.565981578125 0.24762994140625 0.712703716796875
12 0.08972951171875 0.92396461328125 0.113256361328125 0.813279490234375 0.041182326171875 0.797959681640625 0.0176554765625 0.9086448046875 0.08972951171875 0.92396461328125
10 0.321396048828125 0.97320685546875 0.342734353515625 0.8728180234375 0.288678828125 0.86132816796875 0.2673405234375 0.961716998046875 0.321396048828125 0.97320685546875
10 0.309532310546875 0.801191830078125 0.3635878359375 0.8126816875 0.389303228515625 0.691700275390625 0.335247703125 0.68021041796875 0.309532310546875 0.801191830078125
10 0.155833677734375 0.663597748046875 0.212463275390625 0.675634740234375 0.237084396484375 0.55980147265625 0.180454798828125 0.54776448046875 0.155833677734375 0.663597748046875
10 0.176786453125 0.55236548828125 0.2385641953125 0.56549675390625 0.26318531640625 0.449663484375 0.20140757421875 0.436532220703125 0.176786453125 0.55236548828125
10 0.2164411484375 0.302518837890625 0.285941109375 0.317291509765625 0.312750775390625 0.19116194921875 0.243250814453125 0.17638927734375 0.2164411484375 0.302518837890625
10 0.400867046875 0.46009605078125 0.45749664453125 0.47213304296875 0.482664900390625 0.353725703125 0.4260353046875 0.341688708984375 0.400867046875 0.46009605078125