2 0.716796875 0.7529296875 0.125 0.212890625
5 0.490234375 0.5771484375 0.103515625 0.1875
1 0.5546875 0.9375 0.0859375 0.125
6 0.63671875 0.9501953125 0.078125 0.099609375
6 0.88671875 0.28515625 0.109375 0.15234375
4 0.7802734375 0.263671875 0.087890625 0.125
3 0.6533203125 0.3720703125 0.10546875 0.166015625
3 0.5576171875 0.6806640625 0.087890625 0.1484375
4 0.638671875 0.69140625 0.068359375 0.111328125
4 0.5 0.83984375 0.068359375 0.111328125
4 0.451171875 0.740234375 0.0703125 0.11328125
4 0.6005859375 0.4794921875 0.072265625 0.12109375
4 0.5595703125 0.3408203125 0.078125 0.12109375
4 0.33203125 0.5205078125 0.0703125 0.107421875
1 0.3505859375 0.4267578125 0.091796875 0.15625
10 0.193359375 0.7841796875 0.0703125 0.115234375
11 0.20703125 0.73046875 0.09375 0.177734375
8 0.1279296875 0.5244140625 0.1171875 0.205078125
9 0.1552734375 0.3828125 0.10546875 0.15234375
7 0.1025390625 0.7822265625 0.09765625 0.1484375
7 0.1591796875 0.26171875 0.095703125 0.150390625
9 0.3046875 0.640625 0.091796875 0.142578125
12 0.1005859375 0.8505859375 0.09375 0.140625
10 0.31640625 0.896484375 0.0703125 0.1171875
10 0.3544921875 0.7314453125 0.072265625 0.1171875
10 0.2119140625 0.609375 0.07421875 0.11328125
10 0.2314453125 0.509765625 0.080078125 0.1171875
10 0.26171875 0.2783203125 0.087890625 0.125
10 0.42578125 0.4228515625 0.072265625 0.1171875