2 0.845703125 0.701171875 0.12109375 0.220703125
5 0.560546875 0.6142578125 0.103515625 0.197265625
1 0.7470703125 0.92578125 0.076171875 0.091796875
6 0.8349609375 0.916015625 0.06640625 0.08203125
6 0.8544921875 0.169921875 0.111328125 0.16015625
4 0.7412109375 0.1875 0.087890625 0.130859375
3 0.65234375 0.3466796875 0.103515625 0.173828125
3 0.6640625 0.6904296875 0.0859375 0.15625
4 0.7470703125 0.671875 0.072265625 0.1171875
4 0.6591796875 0.87109375 0.06640625 0.115234375
4 0.576171875 0.7900390625 0.068359375 0.119140625
4 0.6357421875 0.474609375 0.07421875 0.126953125
4 0.544921875 0.3525390625 0.076171875 0.126953125
4 0.380859375 0.619140625 0.0703125 0.111328125
1 0.369140625 0.517578125 0.0859375 0.162109375
10 0.3330078125 0.9345703125 0.06640625 0.119140625
11 0.330078125 0.876953125 0.09375 0.189453125
8 0.1806640625 0.7021484375 0.11328125 0.216796875
9 0.158203125 0.5498046875 0.107421875 0.162109375
7 0.2412109375 0.9443359375 0.095703125 0.111328125
7 0.1201171875 0.4267578125 0.09765625 0.16015625
9 0.396484375 0.7490234375 0.08984375 0.15234375
12 0.259765625 0.9814453125 0.08203125 0.037109375
10 0.4912109375 0.9677734375 0.060546875 0.064453125
10 0.4775390625 0.8212890625 0.072265625 0.125
10 0.2919921875 0.7548828125 0.072265625 0.119140625
10 0.27734375 0.646484375 0.080078125 0.12109375
10 0.2294921875 0.40625 0.083984375 0.130859375
10 0.4423828125 0.4853515625 0.072265625 0.125