2 0.234375 0.30078125 0.083984375 0.197265625
5 0.48828125 0.423828125 0.0673828125 0.17578125
1 0.3505859375 0.078125 0.0576171875 0.13671875
6 0.267578125 0.08203125 0.0556640625 0.115234375
6 0.166015625 0.787109375 0.08203125 0.13671875
4 0.2724609375 0.78515625 0.064453125 0.11328125
3 0.3740234375 0.6552734375 0.07421875 0.1513671875
3 0.40234375 0.337890625 0.060546875 0.13671875
4 0.322265625 0.34375 0.0478515625 0.1005859375
4 0.42578125 0.1728515625 0.0478515625 0.1005859375
4 0.4931640625 0.2587890625 0.0478515625 0.103515625
4 0.40234375 0.541015625 0.05078125 0.1103515625
4 0.4697265625 0.666015625 0.0556640625 0.1103515625
4 0.65234375 0.4462890625 0.05078125 0.0986328125
1 0.654296875 0.541015625 0.0625 0.14453125
10 0.7333984375 0.1630859375 0.0478515625 0.10546875
11 0.7294921875 0.2177734375 0.060546875 0.166015625
8 0.8486328125 0.400390625 0.0771484375 0.189453125
9 0.8505859375 0.5419921875 0.0771484375 0.13671875
7 0.8212890625 0.146484375 0.0693359375 0.134765625
7 0.873046875 0.66015625 0.0673828125 0.13671875
9 0.6552734375 0.32421875 0.064453125 0.1298828125
12 0.8076171875 0.080078125 0.0673828125 0.126953125
10 0.591796875 0.080078125 0.0478515625 0.1083984375
10 0.587890625 0.24609375 0.05078125 0.1083984375
10 0.75 0.3349609375 0.052734375 0.103515625
10 0.751953125 0.435546875 0.0576171875 0.10546875
10 0.7705078125 0.6650390625 0.064453125 0.11328125
10 0.5830078125 0.55859375 0.05078125 0.1083984375