2 0.2177734375 0.2861328125 0.083984375 0.197265625
5 0.4697265625 0.408203125 0.0693359375 0.177734375
1 0.3427734375 0.064453125 0.060546875 0.12890625
6 0.259765625 0.0634765625 0.052734375 0.1181640625
6 0.130859375 0.779296875 0.083984375 0.1396484375
4 0.2392578125 0.779296875 0.064453125 0.115234375
3 0.3447265625 0.64453125 0.07421875 0.154296875
3 0.3857421875 0.322265625 0.060546875 0.1396484375
4 0.3056640625 0.328125 0.052734375 0.103515625
4 0.416015625 0.1552734375 0.0478515625 0.103515625
4 0.48046875 0.2431640625 0.0478515625 0.10546875
4 0.3798828125 0.52734375 0.052734375 0.11328125
4 0.4462890625 0.6552734375 0.0556640625 0.11328125
4 0.638671875 0.431640625 0.05078125 0.0986328125
1 0.6337890625 0.5263671875 0.060546875 0.14453125
10 0.7294921875 0.14453125 0.0458984375 0.10546875
11 0.7236328125 0.1982421875 0.0625 0.1708984375
8 0.8369140625 0.3837890625 0.0771484375 0.1943359375
9 0.8349609375 0.52734375 0.0791015625 0.1416015625
7 0.818359375 0.1259765625 0.0693359375 0.13671875
7 0.8525390625 0.6474609375 0.0693359375 0.1416015625
9 0.642578125 0.3076171875 0.064453125 0.134765625
12 0.8076171875 0.0625 0.0673828125 0.125
10 0.5869140625 0.060546875 0.0478515625 0.1103515625
10 0.578125 0.228515625 0.05078125 0.1103515625
10 0.740234375 0.3173828125 0.052734375 0.10546875
10 0.7392578125 0.4208984375 0.060546875 0.10546875
10 0.748046875 0.6513671875 0.0625 0.115234375
10 0.5615234375 0.5458984375 0.05078125 0.1103515625