9 0.2392578125 0.740234375 0.103515625 0.1953125
2 0.794921875 0.2646484375 0.123046875 0.248046875
6 0.5361328125 0.060546875 0.080078125 0.12109375
1 0.48046875 0.22265625 0.0859375 0.177734375
4 0.3759765625 0.1767578125 0.072265625 0.130859375
4 0.703125 0.3291015625 0.072265625 0.13671875
4 0.640625 0.5625 0.080078125 0.1484375
4 0.583984375 0.7177734375 0.08203125 0.14453125
9 0.4775390625 0.7109375 0.10546875 0.19140625
7 0.43359375 0.4619140625 0.09375 0.189453125
8 0.0986328125 0.361328125 0.119140625 0.251953125
12 0.3779296875 0.0732421875 0.078125 0.130859375
11 0.28515625 0.1533203125 0.09375 0.21484375
10 0.2060546875 0.1875 0.076171875 0.134765625
10 0.212890625 0.390625 0.083984375 0.13671875
10 0.314453125 0.365234375 0.080078125 0.140625
10 0.3544921875 0.6240234375 0.08203125 0.154296875