9 0.2509765625 0.66015625 0.07421875 0.166015625
2 0.77734375 0.330078125 0.0888671875 0.208984375
6 0.5693359375 0.0986328125 0.0625 0.134765625
1 0.5068359375 0.248046875 0.0625 0.1494140625
4 0.4169921875 0.1943359375 0.0556640625 0.1103515625
4 0.693359375 0.373046875 0.05078125 0.115234375
4 0.6181640625 0.564453125 0.0576171875 0.125
4 0.5537109375 0.693359375 0.060546875 0.123046875
9 0.462890625 0.671875 0.07421875 0.1611328125
7 0.4462890625 0.4482421875 0.064453125 0.1611328125
8 0.158203125 0.3115234375 0.08203125 0.2138671875
12 0.4287109375 0.08984375 0.060546875 0.1318359375
11 0.341796875 0.16015625 0.0625 0.185546875
10 0.267578125 0.1767578125 0.0556640625 0.11328125
10 0.2587890625 0.3544921875 0.064453125 0.11328125
10 0.349609375 0.345703125 0.060546875 0.1201171875
10 0.36328125 0.5771484375 0.0625 0.1298828125