9 0.25390625 0.6474609375 0.07421875 0.1708984375
2 0.810546875 0.279296875 0.0869140625 0.216796875
6 0.5986328125 0.05859375 0.060546875 0.1171875
1 0.5302734375 0.205078125 0.060546875 0.15625
4 0.439453125 0.15234375 0.052734375 0.11328125
4 0.7197265625 0.3271484375 0.05078125 0.1201171875
4 0.63671875 0.53125 0.0576171875 0.1298828125
4 0.568359375 0.666015625 0.060546875 0.125
9 0.4736328125 0.6474609375 0.0771484375 0.166015625
7 0.4599609375 0.4169921875 0.064453125 0.166015625
8 0.16796875 0.2880859375 0.08203125 0.220703125
12 0.4541015625 0.0576171875 0.0576171875 0.115234375
11 0.3603515625 0.12109375 0.0625 0.189453125
10 0.28515625 0.142578125 0.0556640625 0.1181640625
10 0.26953125 0.328125 0.0625 0.1181640625
10 0.36328125 0.31640625 0.0576171875 0.123046875
10 0.37109375 0.5556640625 0.060546875 0.134765625