9 0.78515625 0.640625 0.07421875 0.166015625
2 0.236328125 0.296875 0.0888671875 0.208984375
6 0.4326171875 0.068359375 0.0625 0.13671875
1 0.50390625 0.2197265625 0.064453125 0.1513671875
4 0.591796875 0.169921875 0.052734375 0.1083984375
4 0.32421875 0.341796875 0.052734375 0.115234375
4 0.4111328125 0.537109375 0.0576171875 0.123046875
4 0.4794921875 0.66796875 0.060546875 0.1201171875
9 0.572265625 0.6474609375 0.0771484375 0.1611328125
7 0.5771484375 0.4228515625 0.0673828125 0.158203125
8 0.857421875 0.2919921875 0.083984375 0.2138671875
12 0.5732421875 0.064453125 0.060546875 0.12890625
11 0.6669921875 0.1357421875 0.064453125 0.1806640625
10 0.7412109375 0.1552734375 0.0556640625 0.11328125
10 0.7607421875 0.3330078125 0.064453125 0.11328125
10 0.669921875 0.3232421875 0.060546875 0.1181640625
10 0.66796875 0.5556640625 0.0625 0.1298828125