9 0.8203125 0.416015625 0.10546875 0.193359375
2 0.166015625 0.72265625 0.126953125 0.244140625
6 0.357421875 0.95703125 0.076171875 0.06640625
1 0.451171875 0.84375 0.091796875 0.17578125
4 0.5419921875 0.912109375 0.07421875 0.126953125
4 0.2685546875 0.685546875 0.07421875 0.134765625
4 0.3916015625 0.4794921875 0.080078125 0.142578125
4 0.4853515625 0.34375 0.083984375 0.142578125
9 0.5859375 0.37890625 0.107421875 0.189453125
7 0.5595703125 0.62890625 0.095703125 0.185546875
8 0.853515625 0.8125 0.123046875 0.248046875
12 0.5126953125 0.974609375 0.072265625 0.05078125
11 0.6220703125 0.927734375 0.091796875 0.14453125
10 0.7060546875 0.94140625 0.076171875 0.1171875
10 0.751953125 0.75390625 0.087890625 0.134765625
10 0.6494140625 0.7529296875 0.08203125 0.138671875
10 0.6796875 0.494140625 0.087890625 0.15234375