9 0.2626953125 0.6484375 0.087890625 0.18359375
2 0.8291015625 0.228515625 0.103515625 0.232421875
6 0.595703125 0.0361328125 0.06640625 0.072265625
1 0.529296875 0.1669921875 0.072265625 0.16796875
4 0.431640625 0.1162109375 0.0625 0.12109375
4 0.736328125 0.2841796875 0.060546875 0.12890625
4 0.66015625 0.50390625 0.068359375 0.140625
4 0.595703125 0.650390625 0.0703125 0.134765625
9 0.494140625 0.6357421875 0.08984375 0.1796875
7 0.4677734375 0.39453125 0.078125 0.177734375
8 0.15234375 0.2734375 0.09765625 0.23828125
12 0.4423828125 0.0390625 0.064453125 0.076171875
11 0.345703125 0.09765625 0.076171875 0.18359375
10 0.267578125 0.1142578125 0.064453125 0.126953125
10 0.2607421875 0.310546875 0.072265625 0.126953125
10 0.359375 0.2919921875 0.06640625 0.1328125
10 0.3818359375 0.5439453125 0.0703125 0.146484375