9 0.2099609375 0.318359375 0.099609375 0.1875
2 0.763671875 0.7529296875 0.119140625 0.236328125
6 0.529296875 0.9501953125 0.078125 0.099609375
1 0.466796875 0.8056640625 0.087890625 0.171875
4 0.3662109375 0.8505859375 0.0703125 0.123046875
4 0.673828125 0.6953125 0.0703125 0.130859375
4 0.603515625 0.47265625 0.076171875 0.138671875
4 0.54296875 0.3232421875 0.078125 0.13671875
9 0.4404296875 0.3349609375 0.1015625 0.18359375
7 0.41015625 0.5771484375 0.091796875 0.1796875
8 0.0927734375 0.6875 0.115234375 0.2421875
12 0.376953125 0.9423828125 0.076171875 0.099609375
11 0.279296875 0.87890625 0.08984375 0.203125
10 0.201171875 0.8486328125 0.072265625 0.12890625
10 0.201171875 0.654296875 0.08203125 0.12890625
10 0.298828125 0.6748046875 0.078125 0.134765625
10 0.326171875 0.423828125 0.08203125 0.1484375