9 0.2490234375 0.2998046875 0.099609375 0.185546875
2 0.763671875 0.7177734375 0.12109375 0.232421875
6 0.5126953125 0.9296875 0.083984375 0.140625
1 0.466796875 0.76953125 0.0859375 0.166015625
4 0.365234375 0.814453125 0.072265625 0.125
4 0.6796875 0.662109375 0.068359375 0.12890625
4 0.625 0.4482421875 0.078125 0.140625
4 0.57421875 0.3037109375 0.080078125 0.138671875
9 0.474609375 0.314453125 0.099609375 0.1796875
7 0.427734375 0.548828125 0.08984375 0.1796875
8 0.10546875 0.6572265625 0.11328125 0.23828125
12 0.3642578125 0.9208984375 0.080078125 0.138671875
11 0.2802734375 0.8408203125 0.08984375 0.203125
10 0.205078125 0.814453125 0.072265625 0.126953125
10 0.216796875 0.6240234375 0.083984375 0.126953125
10 0.3125 0.6455078125 0.080078125 0.134765625
10 0.3564453125 0.40234375 0.08203125 0.146484375