9 0.24609375 0.677734375 0.078125 0.173828125
2 0.798828125 0.33203125 0.09375 0.21875
6 0.5810546875 0.0888671875 0.06640625 0.140625
1 0.515625 0.2451171875 0.06640625 0.15625
4 0.4208984375 0.189453125 0.05859375 0.1171875
4 0.7109375 0.3759765625 0.052734375 0.12109375
4 0.630859375 0.578125 0.060546875 0.130859375
4 0.564453125 0.7138671875 0.0625 0.12890625
9 0.46875 0.6904296875 0.078125 0.16796875
7 0.451171875 0.4560546875 0.068359375 0.16796875
8 0.1494140625 0.3115234375 0.0859375 0.224609375
12 0.4326171875 0.0791015625 0.0625 0.138671875
11 0.3408203125 0.15234375 0.06640625 0.1953125
10 0.263671875 0.1708984375 0.05859375 0.119140625
10 0.25390625 0.357421875 0.068359375 0.119140625
10 0.349609375 0.3486328125 0.0625 0.125
10 0.36328125 0.5908203125 0.06640625 0.13671875