6 0.091796875 0.765625 0.08984375 0.15234375
2 0.1328125 0.498046875 0.111328125 0.21875
5 0.36328125 0.2734375 0.07421875 0.197265625
3 0.5390625 0.380859375 0.078125 0.15234375
4 0.251953125 0.3994140625 0.060546875 0.119140625
4 0.279296875 0.203125 0.056640625 0.1171875
4 0.333984375 0.5078125 0.064453125 0.12890625
4 0.453125 0.28515625 0.052734375 0.12109375
4 0.625 0.0380859375 0.05859375 0.076171875
11 0.6220703125 0.2646484375 0.072265625 0.193359375
8 0.7255859375 0.34765625 0.091796875 0.220703125
9 0.6259765625 0.484375 0.072265625 0.16796875
7 0.5341796875 0.6083984375 0.076171875 0.169921875
9 0.46484375 0.095703125 0.068359375 0.16015625
12 0.30859375 0.7451171875 0.0859375 0.1640625
12 0.7958984375 0.03125 0.064453125 0.0625
10 0.54296875 0.28125 0.060546875 0.1171875
10 0.7119140625 0.0302734375 0.060546875 0.060546875
10 0.70703125 0.1787109375 0.060546875 0.1171875
10 0.7275390625 0.6162109375 0.072265625 0.12890625