6 0.86328125 0.7509765625 0.08203125 0.1416015625
2 0.8193359375 0.4990234375 0.1005859375 0.2041015625
5 0.5986328125 0.2919921875 0.0673828125 0.185546875
3 0.435546875 0.3955078125 0.072265625 0.1416015625
4 0.705078125 0.408203125 0.0556640625 0.1103515625
4 0.6767578125 0.2236328125 0.05078125 0.1103515625
4 0.6298828125 0.51171875 0.0576171875 0.1201171875
4 0.5146484375 0.3037109375 0.0478515625 0.11328125
4 0.3486328125 0.0576171875 0.052734375 0.10546875
11 0.3544921875 0.287109375 0.064453125 0.1806640625
8 0.2587890625 0.3681640625 0.083984375 0.20703125
9 0.3544921875 0.494140625 0.064453125 0.15625
7 0.443359375 0.6103515625 0.0693359375 0.158203125
9 0.5 0.125 0.0625 0.1494140625
12 0.6572265625 0.7353515625 0.0791015625 0.154296875
12 0.1865234375 0.05078125 0.060546875 0.095703125
10 0.4287109375 0.3017578125 0.0556640625 0.1083984375
10 0.265625 0.048828125 0.0556640625 0.09375
10 0.2724609375 0.2080078125 0.0556640625 0.1083984375
10 0.2607421875 0.6201171875 0.064453125 0.1201171875