6 0.787109375 0.8388671875 0.1171875 0.162109375
2 0.8076171875 0.5751953125 0.15234375 0.23046875
5 0.63671875 0.3125 0.11328125 0.203125
3 0.4462890625 0.375 0.107421875 0.16015625
4 0.71484375 0.4560546875 0.083984375 0.125
4 0.732421875 0.2626953125 0.078125 0.123046875
4 0.6123046875 0.541015625 0.087890625 0.134765625
4 0.548828125 0.302734375 0.076171875 0.125
4 0.4423828125 0.037109375 0.076171875 0.07421875
11 0.392578125 0.2470703125 0.111328125 0.197265625
8 0.2763671875 0.3037109375 0.13671875 0.228515625
9 0.3408203125 0.4541015625 0.10546875 0.173828125
7 0.4013671875 0.5927734375 0.109375 0.17578125
9 0.5791015625 0.1201171875 0.099609375 0.166015625
12 0.5849609375 0.7724609375 0.1171875 0.173828125
12 0.2802734375 0.0107421875 0.080078125 0.021484375
10 0.4638671875 0.279296875 0.083984375 0.123046875
10 0.3603515625 0.01953125 0.076171875 0.0390625
10 0.330078125 0.146484375 0.083984375 0.123046875
10 0.21484375 0.556640625 0.095703125 0.13671875