2 0.810096154296875 0.204326923828125 0.735576923828125 0.204326923828125 0.735576923828125 0.396634615234375 0.810096154296875 0.396634615234375 0.810096154296875 0.204326923828125
5 0.7427884609375 0.32451923046875 0.670673076171875 0.32451923046875 0.670673076171875 0.49519230859375 0.7427884609375 0.49519230859375 0.7427884609375 0.32451923046875
3 0.63701923046875 0.2740384609375 0.58173076953125 0.2740384609375 0.58173076953125 0.408653845703125 0.63701923046875 0.408653845703125 0.63701923046875 0.2740384609375
3 0.853365384765625 0.483173076171875 0.7740384609375 0.483173076171875 0.7740384609375 0.610576923828125 0.853365384765625 0.610576923828125 0.853365384765625 0.483173076171875
6 0.889423076171875 0.71875 0.8125 0.71875 0.8125 0.84855769140625 0.889423076171875 0.84855769140625 0.889423076171875 0.71875
6 0.7572115390625 0.02644230859375 0.701923076171875 0.02644230859375 0.701923076171875 0.146634615234375 0.7572115390625 0.146634615234375 0.7572115390625 0.02644230859375
1 0.67548076953125 0.016826923828125 0.622596154296875 0.016826923828125 0.622596154296875 0.1490384609375 0.67548076953125 0.1490384609375 0.67548076953125 0.016826923828125
1 0.54326923046875 0.264423076171875 0.49519230859375 0.264423076171875 0.49519230859375 0.3990384609375 0.54326923046875 0.3990384609375 0.54326923046875 0.264423076171875
4 0.76923076953125 0.73076923046875 0.71394230859375 0.73076923046875 0.71394230859375 0.841346154296875 0.76923076953125 0.841346154296875 0.76923076953125 0.73076923046875
4 0.70673076953125 0.290865384765625 0.66105769140625 0.290865384765625 0.66105769140625 0.39423076953125 0.70673076953125 0.39423076953125 0.70673076953125 0.290865384765625
4 0.59855769140625 0.127403845703125 0.55769230859375 0.127403845703125 0.55769230859375 0.23076923046875 0.59855769140625 0.23076923046875 0.59855769140625 0.127403845703125
4 0.528846154296875 0.04326923046875 0.485576923828125 0.04326923046875 0.485576923828125 0.141826923828125 0.528846154296875 0.141826923828125 0.528846154296875 0.04326923046875
4 0.53605769140625 0.2115384609375 0.4927884609375 0.2115384609375 0.4927884609375 0.31730769140625 0.53605769140625 0.31730769140625 0.53605769140625 0.2115384609375
4 0.625 0.49519230859375 0.57451923046875 0.49519230859375 0.57451923046875 0.6009615390625 0.625 0.6009615390625 0.625 0.49519230859375
4 0.56730769140625 0.61298076953125 0.51923076953125 0.61298076953125 0.51923076953125 0.72355769140625 0.56730769140625 0.72355769140625 0.56730769140625 0.61298076953125
4 0.384615384765625 0.40144230859375 0.329326923828125 0.40144230859375 0.329326923828125 0.50480769140625 0.384615384765625 0.50480769140625 0.384615384765625 0.40144230859375
9 0.37980769140625 0.26201923046875 0.32451923046875 0.26201923046875 0.32451923046875 0.39423076953125 0.37980769140625 0.39423076953125 0.37980769140625 0.26201923046875
8 0.19951923046875 0.310096154296875 0.127403845703125 0.310096154296875 0.127403845703125 0.50480769140625 0.19951923046875 0.50480769140625 0.19951923046875 0.310096154296875
12 0.197115384765625 0.48076923046875 0.12980769140625 0.48076923046875 0.12980769140625 0.61298076953125 0.197115384765625 0.61298076953125 0.197115384765625 0.48076923046875
12 0.37980769140625 0.7115384609375 0.3125 0.7115384609375 0.3125 0.846153845703125 0.37980769140625 0.846153845703125 0.37980769140625 0.7115384609375
12 0.22355769140625 0.03125 0.173076923828125 0.03125 0.173076923828125 0.146634615234375 0.22355769140625 0.146634615234375 0.22355769140625 0.03125
7 0.21394230859375 0.079326923828125 0.158653845703125 0.079326923828125 0.158653845703125 0.22355769140625 0.21394230859375 0.22355769140625 0.21394230859375 0.079326923828125
7 0.17548076953125 0.59375 0.108173076171875 0.59375 0.108173076171875 0.740384615234375 0.17548076953125 0.740384615234375 0.17548076953125 0.59375
11 0.310096154296875 0.13701923046875 0.240384615234375 0.13701923046875 0.240384615234375 0.302884615234375 0.310096154296875 0.302884615234375 0.310096154296875 0.13701923046875
10 0.295673076171875 0.1177884609375 0.25480769140625 0.1177884609375 0.25480769140625 0.2115384609375 0.295673076171875 0.2115384609375 0.295673076171875 0.1177884609375
10 0.435096154296875 0.03605769140625 0.391826923828125 0.03605769140625 0.391826923828125 0.13701923046875 0.435096154296875 0.13701923046875 0.435096154296875 0.03605769140625
10 0.439903845703125 0.1947115390625 0.396634615234375 0.1947115390625 0.396634615234375 0.298076923828125 0.439903845703125 0.298076923828125 0.439903845703125 0.1947115390625
10 0.283653845703125 0.2884615390625 0.235576923828125 0.2884615390625 0.235576923828125 0.389423076171875 0.283653845703125 0.389423076171875 0.283653845703125 0.2884615390625
10 0.2740384609375 0.610576923828125 0.21875 0.610576923828125 0.21875 0.721153845703125 0.2740384609375 0.721153845703125 0.2740384609375 0.610576923828125
10 0.2884615390625 0.3822115390625 0.233173076171875 0.3822115390625 0.233173076171875 0.490384615234375 0.2884615390625 0.490384615234375 0.2884615390625 0.3822115390625
10 0.454326923828125 0.50480769140625 0.40144230859375 0.50480769140625 0.40144230859375 0.615384615234375 0.454326923828125 0.615384615234375 0.454326923828125 0.50480769140625
10 0.4759615390625 0.733173076171875 0.420673076171875 0.733173076171875 0.420673076171875 0.846153845703125 0.4759615390625 0.846153845703125 0.4759615390625 0.733173076171875