2 0.757742806640625 0.447973220703125 0.833172099609375 0.464006212890625 0.874547560546875 0.26934997265625 0.79911826953125 0.25331698046875 0.757742806640625 0.447973220703125
5 0.67084140234375 0.53377032421875 0.7438374921875 0.549286123046875 0.780558212890625 0.3765287109375 0.707562125 0.361012912109375 0.67084140234375 0.53377032421875
3 0.599431849609375 0.4270388671875 0.655395517578125 0.4389343125 0.68435833984375 0.3026749453125 0.628394671875 0.2907795 0.599431849609375 0.4270388671875
3 0.750643853515625 0.67280337890625 0.830939552734375 0.6898707578125 0.858350796875 0.560910998046875 0.77805509765625 0.54384362109375 0.750643853515625 0.67280337890625
6 0.73837296875 0.92196556640625 0.81623546484375 0.938515751953125 0.844163900390625 0.8071227890625 0.766301404296875 0.79057260546875 0.73837296875 0.92196556640625
6 0.777466064453125 0.187679404296875 0.833429732421875 0.199574849609375 0.859289396484375 0.07791469921875 0.8033257265625 0.066019255859375 0.777466064453125 0.187679404296875
1 0.696653171875 0.17304523046875 0.750183638671875 0.184423482421875 0.778629267578125 0.050597318359375 0.72509880078125 0.03921906640625 0.696653171875 0.17304523046875
1 0.513905314453125 0.39868709765625 0.562569373046875 0.409030962890625 0.591532197265625 0.272771595703125 0.54286813671875 0.262427728515625 0.513905314453125 0.39868709765625
4 0.6401632265625 0.893461033203125 0.69612689453125 0.905356478515625 0.71991778515625 0.793429142578125 0.6639541171875 0.781533697265625 0.6401632265625 0.893461033203125
4 0.68283070703125 0.42950702734375 0.7290615625 0.43933369921875 0.751300873046875 0.334705970703125 0.705070015625 0.324879298828125 0.68283070703125 0.42950702734375
4 0.613372119140625 0.2418099140625 0.654736572265625 0.25060219921875 0.6769758828125 0.145974470703125 0.6356114296875 0.137182185546875 0.613372119140625 0.2418099140625
4 0.559512181640625 0.13626560546875 0.603309833984375 0.145575083984375 0.6245147578125 0.04581376171875 0.58071710546875 0.036504283203125 0.559512181640625 0.13626560546875
4 0.52905668359375 0.31544100390625 0.5728543359375 0.324750482421875 0.59561083984375 0.21768955078125 0.5518131875 0.208380072265625 0.52905668359375 0.31544100390625
4 0.550756779296875 0.620143525390625 0.60185404296875 0.631004583984375 0.624610544921875 0.52394365234375 0.573513283203125 0.51308259375 0.550756779296875 0.620143525390625
4 0.46841625390625 0.73234143359375 0.517080314453125 0.742685298828125 0.540871205078125 0.6307579609375 0.49220714453125 0.620414095703125 0.46841625390625 0.73234143359375
4 0.3232578046875 0.4700616953125 0.379221474609375 0.481957140625 0.40146078515625 0.37732941015625 0.345497115234375 0.36543396484375 0.3232578046875 0.4700616953125
9 0.3421822890625 0.357099970703125 0.39814595703125 0.368995416015625 0.4265915859375 0.235169251953125 0.37062791796875 0.223273806640625 0.3421822890625 0.357099970703125
8 0.11886875390625 0.4266174609375 0.19186484375 0.442133259765625 0.233757498046875 0.245043814453125 0.160761408203125 0.229528017578125 0.11886875390625 0.4266174609375
12 0.09802826171875 0.536628787109375 0.166157943359375 0.55111019921875 0.194603572265625 0.41728403515625 0.126473890625 0.402802623046875 0.09802826171875 0.536628787109375
12 0.23278394140625 0.811956166015625 0.300913625 0.826437576171875 0.329876447265625 0.690178208984375 0.261746763671875 0.675696798828125 0.23278394140625 0.811956166015625
12 0.25786867578125 0 0.242161408203125 0.07389688671875 0.29325866796875 0.0847579453125 0.311274525390625 0 0.25786867578125 0
7 0.211012005859375 0.14865622265625 0.266975673828125 0.16055166796875 0.29800726953125 0.014559490234375 0.242043599609375 0.002664044921875 0.211012005859375 0.14865622265625
7 0.04871819140625 0.660933806640625 0.116847875 0.67541521875 0.1483966640625 0.5269898359375 0.080266978515625 0.51250842578125 0.04871819140625 0.660933806640625
11 0.27667352734375 0.2465364921875 0.347236416015625 0.26153509765625 0.38292275 0.093644091796875 0.31235986328125 0.078645486328125 0.27667352734375 0.2465364921875
10 0.31092608984375 0.157177939453125 0.352290541015625 0.165970224609375 0.372461078125 0.071075306640625 0.331096626953125 0.062283021484375 0.31092608984375 0.157177939453125
10 0.465651650390625 0.111228662109375 0.5094493046875 0.120538140625 0.531171421875 0.018343615234375 0.487373767578125 0.00903413671875 0.465651650390625 0.111228662109375
10 0.435866109375 0.2752876484375 0.479663763671875 0.284597126953125 0.501903072265625 0.1799693984375 0.458105419921875 0.170659919921875 0.435866109375 0.2752876484375
10 0.253188166015625 0.3330974140625 0.301852224609375 0.343441279296875 0.323574341796875 0.24124675390625 0.274910283203125 0.230902888671875 0.253188166015625 0.3330974140625
10 0.16478307421875 0.665259072265625 0.2207467421875 0.677154517578125 0.2445376328125 0.565227181640625 0.18857396484375 0.553331736328125 0.16478307421875 0.665259072265625
10 0.229032845703125 0.434774744140625 0.284996513671875 0.446670189453125 0.3082702109375 0.337176056640625 0.25230654296875 0.325280611328125 0.229032845703125 0.434774744140625
10 0.372463005859375 0.597504830078125 0.425993470703125 0.608883080078125 0.449784359375 0.496955744140625 0.39625389453125 0.4855774921875 0.372463005859375 0.597504830078125
10 0.34227807421875 0.835229861328125 0.398241744140625 0.847125306640625 0.422549828125 0.732764765625 0.366586158203125 0.7208693203125 0.34227807421875 0.835229861328125