2 0.737315568359375 0.818474841796875 0.816210263671875 0.828161892578125 0.841209103515625 0.624562681640625 0.762314408203125 0.614875630859375 0.737315568359375 0.818474841796875
5 0.684225109375 0.682788228515625 0.7605748125 0.69216279296875 0.782761283203125 0.5114684921875 0.706411580078125 0.502093927734375 0.684225109375 0.682788228515625
3 0.583498279296875 0.72467105859375 0.642033052734375 0.731858224609375 0.659532240234375 0.58933877734375 0.600997466796875 0.582151609375 0.583498279296875 0.72467105859375
3 0.814283728515625 0.528255755859375 0.89826840234375 0.53856777734375 0.914830134765625 0.40368330078125 0.830845458984375 0.393371279296875 0.814283728515625 0.528255755859375
6 0.8856271484375 0.283846490234375 0.967066833984375 0.29384602734375 0.98394105078125 0.15641655859375 0.902501365234375 0.1464170234375 0.8856271484375 0.283846490234375
6 0.73827730859375 1 0.752720826171875 0.8823669765625 0.6941860546875 0.875179810546875 0.678860064453125 1 0.73827730859375 1
1 0.650443119140625 1 0.6665036484375 0.869197478515625 0.6105138671875 0.862322796875 0.59360923046875 1 0.650443119140625 1
1 0.490628693359375 0.723601541015625 0.54152849609375 0.72985125 0.55902768359375 0.587331802734375 0.508127880859375 0.58108209375 0.490628693359375 0.723601541015625
4 0.78284498046875 0.258309634765625 0.84137975390625 0.26549680078125 0.8557540859375 0.148427255859375 0.7972193125 0.14124008984375 0.78284498046875 0.258309634765625
4 0.6696703515625 0.7171681484375 0.718025166015625 0.723105373046875 0.731462041015625 0.613670796875 0.683107228515625 0.607733572265625 0.6696703515625 0.7171681484375
4 0.538986763671875 0.8767906015625 0.582251595703125 0.882102853515625 0.59568847265625 0.772668279296875 0.552423638671875 0.767356025390625 0.538986763671875 0.8767906015625
4 0.451700068359375 0.95649069140625 0.497509888671875 0.9621154296875 0.510321794921875 0.857770833984375 0.46451197265625 0.852146095703125 0.451700068359375 0.95649069140625
4 0.481209021484375 0.779278837890625 0.52701884375 0.784903576171875 0.540768205078125 0.672924009765625 0.4949583828125 0.667299271484375 0.481209021484375 0.779278837890625
4 0.6046119765625 0.4895945078125 0.658056767578125 0.496156703125 0.67180612890625 0.384177138671875 0.618361337890625 0.377614943359375 0.6046119765625 0.4895945078125
4 0.5613889921875 0.357702826171875 0.61228879296875 0.36395253515625 0.626663126953125 0.246882990234375 0.57576332421875 0.24063328125 0.5613889921875 0.357702826171875
4 0.332836046875 0.5569756015625 0.3913708203125 0.56416276953125 0.404807697265625 0.454728193359375 0.346272923828125 0.44754102734375 0.332836046875 0.5569756015625
9 0.309621908203125 0.703960060546875 0.368156681640625 0.7111472265625 0.3853433828125 0.57117276953125 0.326808609375 0.563985603515625 0.309621908203125 0.703960060546875
8 0.10718242578125 0.627436447265625 0.183532130859375 0.63681101171875 0.20884345703125 0.430666810546875 0.132493751953125 0.42129224609375 0.10718242578125 0.627436447265625
12 0.131913888671875 0.4470546328125 0.203173611328125 0.4558042265625 0.2203603125 0.31582976953125 0.14910058984375 0.30708017578125 0.131913888671875 0.4470546328125
12 0.35533174609375 0.2264844765625 0.42659146875 0.2352340703125 0.44409065625 0.092714625 0.37283093359375 0.08396503125 0.35533174609375 0.2264844765625
12 0.119288921875 0.928592525390625 0.17273371484375 0.935154720703125 0.18773301953125 0.8129951953125 0.1342882265625 0.806433 0.119288921875 0.928592525390625
7 0.11026869140625 0.875817810546875 0.16880346484375 0.8830049765625 0.187552595703125 0.730305568359375 0.129017822265625 0.72311840234375 0.11026869140625 0.875817810546875
7 0.123695794921875 0.3246277265625 0.194955517578125 0.3333773203125 0.2140171328125 0.178132921875 0.14275741015625 0.169383328125 0.123695794921875 0.3246277265625
11 0.2042980078125 0.8253625546875 0.278102720703125 0.834424634765625 0.299664220703125 0.658820314453125 0.225859505859375 0.649758234375 0.2042980078125 0.8253625546875
10 0.217068064453125 0.847597388671875 0.260332896484375 0.852909642578125 0.272519830078125 0.75365502734375 0.229254998046875 0.7483427734375 0.217068064453125 0.847597388671875
10 0.35150799609375 0.9519387265625 0.397317818359375 0.95756346484375 0.410442208984375 0.850673880859375 0.36463238671875 0.845049140625 0.35150799609375 0.9519387265625
10 0.37722201953125 0.78459434765625 0.423031841796875 0.7902190859375 0.436468716796875 0.68078451171875 0.39065889453125 0.675159771484375 0.37722201953125 0.78459434765625
10 0.21889461328125 0.664403205078125 0.269794416015625 0.6706529140625 0.282918806640625 0.563763330078125 0.23201900390625 0.557513619140625 0.21889461328125 0.664403205078125
10 0.242952740234375 0.32118712890625 0.30148751171875 0.328374294921875 0.31586184375 0.211304748046875 0.257327072265625 0.20411758203125 0.242952740234375 0.32118712890625
10 0.22853655859375 0.564836103515625 0.287071330078125 0.57202326953125 0.301133177734375 0.45749871484375 0.24259840625 0.450311546875 0.22853655859375 0.564836103515625
10 0.42262262890625 0.456915591796875 0.47861241015625 0.4637902734375 0.4929867421875 0.346720728515625 0.4369969609375 0.339846046875 0.42262262890625 0.456915591796875
10 0.472668669921875 0.2176414140625 0.531203443359375 0.224828580078125 0.545890259765625 0.105214044921875 0.48735548828125 0.09802687890625 0.472668669921875 0.2176414140625