11 0.546875 0.09765625 0.12890625 0.1953125
7 0.712890625 0.064453125 0.10546875 0.12890625
12 0.6884765625 0.0322265625 0.099609375 0.064453125
8 0.765625 0.205078125 0.138671875 0.23046875
9 0.802734375 0.728515625 0.13671875 0.1953125
10 0.6240234375 0.08984375 0.09375 0.140625
10 0.6767578125 0.2646484375 0.08984375 0.130859375
10 0.6982421875 0.369140625 0.095703125 0.13671875
10 0.6259765625 0.5244140625 0.095703125 0.134765625
2 0.1455078125 0.3603515625 0.14453125 0.228515625
1 0.2900390625 0.171875 0.103515625 0.162109375
3 0.7587890625 0.5703125 0.125 0.189453125
3 0.60546875 0.3916015625 0.1171875 0.189453125
6 0.302734375 0.091796875 0.09375 0.126953125
6 0.4189453125 0.3359375 0.10546875 0.15625
4 0.484375 0.1484375 0.0859375 0.130859375
4 0.244140625 0.3818359375 0.083984375 0.130859375
4 0.455078125 0.6806640625 0.099609375 0.146484375
4 0.3671875 0.564453125 0.095703125 0.146484375