11 0.658203125 0.8876953125 0.0859375 0.197265625
7 0.83203125 0.890625 0.072265625 0.15234375
12 0.8154296875 0.9423828125 0.076171875 0.115234375
8 0.859375 0.7216796875 0.091796875 0.22265625
9 0.802734375 0.193359375 0.099609375 0.181640625
10 0.7353515625 0.87109375 0.0703125 0.1328125
10 0.7587890625 0.685546875 0.068359375 0.12109375
10 0.7626953125 0.576171875 0.068359375 0.12890625
10 0.66015625 0.4384765625 0.0703125 0.125
2 0.205078125 0.71875 0.099609375 0.216796875
1 0.3837890625 0.8681640625 0.0703125 0.154296875
3 0.787109375 0.357421875 0.087890625 0.1796875
3 0.6650390625 0.5771484375 0.078125 0.1796875
6 0.412109375 0.9423828125 0.06640625 0.111328125
6 0.4853515625 0.6748046875 0.076171875 0.150390625
4 0.5830078125 0.84765625 0.060546875 0.125
4 0.298828125 0.671875 0.05859375 0.126953125
4 0.4599609375 0.3232421875 0.068359375 0.13671875
4 0.392578125 0.4599609375 0.068359375 0.13671875