11 0.642578125 0.1162109375 0.083984375 0.189453125
7 0.8125 0.115234375 0.072265625 0.14453125
12 0.80078125 0.060546875 0.072265625 0.1201171875
8 0.826171875 0.27734375 0.0888671875 0.2138671875
9 0.7353515625 0.7900390625 0.095703125 0.17578125
10 0.7177734375 0.1337890625 0.064453125 0.126953125
10 0.7255859375 0.3134765625 0.0625 0.1181640625
10 0.720703125 0.419921875 0.0673828125 0.123046875
10 0.615234375 0.55078125 0.0673828125 0.1201171875
2 0.1923828125 0.27734375 0.095703125 0.208984375
1 0.376953125 0.1318359375 0.0673828125 0.1494140625
3 0.732421875 0.626953125 0.083984375 0.1728515625
3 0.626953125 0.41796875 0.0771484375 0.1728515625
6 0.408203125 0.0576171875 0.0673828125 0.115234375
6 0.4619140625 0.3212890625 0.072265625 0.1416015625
4 0.5693359375 0.15625 0.0576171875 0.1201171875
4 0.2822265625 0.322265625 0.0556640625 0.1201171875
4 0.4130859375 0.66015625 0.0673828125 0.1318359375
4 0.357421875 0.52734375 0.064453125 0.1318359375