11 0.3330078125 0.14453125 0.0791015625 0.1875
7 0.166015625 0.14453125 0.0673828125 0.14453125
12 0.181640625 0.0830078125 0.0693359375 0.1318359375
8 0.142578125 0.3056640625 0.083984375 0.2119140625
9 0.20703125 0.810546875 0.091796875 0.1728515625
10 0.2587890625 0.1611328125 0.064453125 0.125
10 0.240234375 0.3388671875 0.0625 0.115234375
10 0.23828125 0.443359375 0.0625 0.123046875
10 0.337890625 0.5732421875 0.064453125 0.1181640625
2 0.76953125 0.2978515625 0.091796875 0.20703125
1 0.5947265625 0.1572265625 0.064453125 0.146484375
3 0.21875 0.65234375 0.08203125 0.1708984375
3 0.33203125 0.44140625 0.072265625 0.1708984375
6 0.5673828125 0.0732421875 0.0625 0.1318359375
6 0.5009765625 0.3447265625 0.0693359375 0.1416015625
4 0.4052734375 0.181640625 0.0556640625 0.1181640625
4 0.6806640625 0.34375 0.052734375 0.1201171875
4 0.53125 0.6806640625 0.0625 0.1298828125
4 0.59375 0.5478515625 0.0625 0.1298828125