11 0.4375 0.0908203125 0.1171875 0.181640625
7 0.2548828125 0.0654296875 0.099609375 0.130859375
12 0.2734375 0.0302734375 0.08984375 0.060546875
8 0.216796875 0.2197265625 0.12890625 0.2421875
9 0.236328125 0.7822265625 0.130859375 0.203125
10 0.3544921875 0.0810546875 0.087890625 0.146484375
10 0.318359375 0.2734375 0.083984375 0.13671875
10 0.3076171875 0.38671875 0.091796875 0.142578125
10 0.40234375 0.5439453125 0.08984375 0.138671875
2 0.896484375 0.3154296875 0.134765625 0.23828125
1 0.720703125 0.1318359375 0.095703125 0.169921875
3 0.2646484375 0.609375 0.115234375 0.19921875
3 0.408203125 0.400390625 0.107421875 0.197265625
6 0.6953125 0.0654296875 0.083984375 0.095703125
6 0.6015625 0.3212890625 0.099609375 0.162109375
4 0.509765625 0.1279296875 0.080078125 0.13671875
4 0.79296875 0.3486328125 0.076171875 0.13671875
4 0.6025390625 0.69140625 0.091796875 0.15234375
4 0.6826171875 0.55859375 0.08984375 0.15234375