11 0.408203125 0.8974609375 0.12109375 0.205078125
7 0.2392578125 0.9267578125 0.099609375 0.146484375
12 0.2666015625 0.958984375 0.099609375 0.08203125
8 0.181640625 0.7763671875 0.130859375 0.232421875
9 0.13671875 0.251953125 0.12890625 0.1953125
10 0.3291015625 0.8974609375 0.091796875 0.140625
10 0.2724609375 0.720703125 0.087890625 0.130859375
10 0.2470703125 0.615234375 0.08984375 0.13671875
10 0.3203125 0.462890625 0.091796875 0.1328125
2 0.81640625 0.6494140625 0.13671875 0.228515625
1 0.6708984375 0.8291015625 0.09765625 0.162109375
3 0.1826171875 0.408203125 0.119140625 0.19140625
3 0.3427734375 0.5986328125 0.109375 0.1875
6 0.6591796875 0.9130859375 0.087890625 0.134765625
6 0.53515625 0.6591796875 0.1015625 0.158203125
4 0.47265625 0.845703125 0.08203125 0.130859375
4 0.716796875 0.6220703125 0.080078125 0.1328125
4 0.4931640625 0.3134765625 0.091796875 0.14453125
4 0.5849609375 0.43359375 0.091796875 0.14453125