9 0.3251953125 0.0908203125 0.138671875 0.181640625
7 0.4501953125 0.5146484375 0.11328125 0.189453125
11 0.2763671875 0.80078125 0.115234375 0.216796875
8 0.1181640625 0.59765625 0.14453125 0.263671875
12 0.0927734375 0.833984375 0.103515625 0.16015625
10 0.2021484375 0.759765625 0.087890625 0.134765625
10 0.2236328125 0.5771484375 0.08984375 0.1328125
10 0.255859375 0.4716796875 0.09765625 0.138671875
10 0.390625 0.3603515625 0.1015625 0.150390625
2 0.7744140625 0.72265625 0.15234375 0.2578125
6 0.505859375 0.9091796875 0.08984375 0.150390625
6 0.3310546875 0.5908203125 0.103515625 0.166015625
3 0.3515625 0.48828125 0.115234375 0.181640625
3 0.29296875 0.2470703125 0.115234375 0.193359375
1 0.4736328125 0.736328125 0.107421875 0.1875
4 0.3603515625 0.7783203125 0.083984375 0.1328125
4 0.6953125 0.658203125 0.083984375 0.12890625
4 0.6630859375 0.4296875 0.09375 0.146484375
4 0.6279296875 0.279296875 0.095703125 0.14453125