9 0.25 0.849609375 0.1005859375 0.17578125
7 0.455078125 0.466796875 0.07421875 0.1728515625
11 0.3486328125 0.16015625 0.072265625 0.19921875
8 0.15625 0.3212890625 0.091796875 0.2431640625
12 0.1806640625 0.091796875 0.072265625 0.14453125
10 0.26953125 0.1826171875 0.0625 0.1201171875
10 0.25390625 0.361328125 0.064453125 0.1181640625
10 0.263671875 0.4677734375 0.0693359375 0.123046875
10 0.3681640625 0.6005859375 0.072265625 0.134765625
2 0.8056640625 0.333984375 0.1005859375 0.2353515625
6 0.587890625 0.1025390625 0.060546875 0.13671875
6 0.3583984375 0.3701171875 0.072265625 0.1494140625
3 0.357421875 0.470703125 0.0791015625 0.1630859375
3 0.251953125 0.6884765625 0.0771484375 0.17578125
1 0.5224609375 0.2607421875 0.0693359375 0.1708984375
4 0.4228515625 0.197265625 0.0576171875 0.1201171875
4 0.7177734375 0.3798828125 0.060546875 0.115234375
4 0.640625 0.58984375 0.064453125 0.1318359375
4 0.5771484375 0.7255859375 0.0673828125 0.1298828125