9 0.705078125 0.92578125 0.15625 0.1484375
7 0.5869140625 0.4912109375 0.126953125 0.20703125
11 0.7841796875 0.189453125 0.130859375 0.234375
8 0.9326171875 0.4130859375 0.134765625 0.287109375
12 0.962890625 0.171875 0.07421875 0.1484375
10 0.8642578125 0.2353515625 0.099609375 0.146484375
10 0.83203125 0.4326171875 0.1015625 0.14453125
10 0.7939453125 0.5439453125 0.107421875 0.150390625
10 0.64453125 0.66015625 0.11328125 0.1640625
2 0.244140625 0.25390625 0.171875 0.28125
6 0.5400390625 0.072265625 0.099609375 0.14453125
6 0.716796875 0.4130859375 0.1171875 0.1796875
3 0.69140625 0.5224609375 0.12890625 0.197265625
3 0.74609375 0.7861328125 0.130859375 0.2109375
1 0.5693359375 0.251953125 0.12109375 0.203125
4 0.693359375 0.208984375 0.095703125 0.14453125
4 0.3271484375 0.3271484375 0.095703125 0.140625
4 0.353515625 0.5751953125 0.10546875 0.16015625
4 0.384765625 0.7392578125 0.107421875 0.158203125