5 0.7802734375 0.283203125 0.0791015625 0.1728515625
2 0.783203125 0.361328125 0.0869140625 0.2041015625
1 0.759765625 0.197265625 0.0576171875 0.1396484375
1 0.796875 0.5 0.064453125 0.1396484375
3 0.744140625 0.1142578125 0.060546875 0.126953125
3 0.8212890625 0.623046875 0.0791015625 0.134765625
6 0.7392578125 0.0537109375 0.0556640625 0.083984375
6 0.83203125 0.7509765625 0.0771484375 0.1318359375
4 0.7236328125 0.751953125 0.0576171875 0.1103515625
4 0.7099609375 0.62109375 0.0556640625 0.103515625
4 0.6982421875 0.5107421875 0.0556640625 0.103515625
4 0.6875 0.3974609375 0.0478515625 0.103515625
4 0.67578125 0.2958984375 0.0478515625 0.1005859375
4 0.6650390625 0.208984375 0.05078125 0.1005859375
4 0.6572265625 0.12109375 0.0458984375 0.0986328125
4 0.654296875 0.0478515625 0.04296875 0.072265625
11 0.1474609375 0.25390625 0.0693359375 0.1806640625
8 0.12890625 0.345703125 0.07421875 0.20703125
7 0.150390625 0.173828125 0.0556640625 0.13671875
7 0.1103515625 0.4794921875 0.0673828125 0.146484375
9 0.158203125 0.0947265625 0.0625 0.1318359375
9 0.10546875 0.62109375 0.072265625 0.1416015625
12 0.1708984375 0.037109375 0.0576171875 0.0693359375
12 0.0869140625 0.75390625 0.0771484375 0.146484375
10 0.25 0.037109375 0.0478515625 0.064453125
10 0.2490234375 0.1083984375 0.05078125 0.095703125
10 0.2451171875 0.1982421875 0.0478515625 0.103515625
10 0.23828125 0.287109375 0.052734375 0.103515625
10 0.234375 0.3955078125 0.060546875 0.1083984375
10 0.22265625 0.50390625 0.060546875 0.1083984375
10 0.2197265625 0.61328125 0.0556640625 0.115234375
10 0.20703125 0.7431640625 0.0576171875 0.1201171875