5 0.8310546875 0.6552734375 0.11328125 0.18359375
2 0.8193359375 0.5810546875 0.126953125 0.212890625
1 0.83203125 0.7421875 0.0859375 0.14453125
1 0.8056640625 0.447265625 0.091796875 0.146484375
3 0.8349609375 0.82421875 0.087890625 0.134765625
3 0.7998046875 0.3251953125 0.10546875 0.142578125
6 0.8447265625 0.8896484375 0.072265625 0.103515625
6 0.7841796875 0.201171875 0.103515625 0.14453125
4 0.6787109375 0.21875 0.080078125 0.1171875
4 0.693359375 0.345703125 0.078125 0.115234375
4 0.70703125 0.4541015625 0.076171875 0.111328125
4 0.71875 0.5615234375 0.068359375 0.107421875
4 0.73046875 0.6640625 0.068359375 0.107421875
4 0.7373046875 0.7470703125 0.0703125 0.10546875
4 0.75 0.8310546875 0.064453125 0.103515625
4 0.7626953125 0.91015625 0.060546875 0.09375
11 0.23046875 0.791015625 0.10546875 0.185546875
8 0.1923828125 0.70703125 0.115234375 0.21484375
7 0.2509765625 0.865234375 0.08203125 0.14453125
7 0.146484375 0.58203125 0.09375 0.15625
9 0.275390625 0.935546875 0.08984375 0.12890625
9 0.1123046875 0.44921875 0.099609375 0.150390625
12 0.302734375 0.9765625 0.07421875 0.046875
12 0.0634765625 0.326171875 0.10546875 0.15625
10 0.375 0.9716796875 0.06640625 0.056640625
10 0.3583984375 0.9130859375 0.0703125 0.103515625
10 0.3359375 0.8271484375 0.068359375 0.109375
10 0.310546875 0.7451171875 0.076171875 0.11328125
10 0.2841796875 0.642578125 0.08203125 0.1171875
10 0.248046875 0.5400390625 0.078125 0.115234375
10 0.224609375 0.4375 0.08203125 0.123046875
10 0.18359375 0.3173828125 0.08203125 0.12890625