5 0.162109375 0.28125 0.09375 0.181640625
2 0.162109375 0.3603515625 0.103515625 0.212890625
1 0.1767578125 0.19140625 0.068359375 0.146484375
1 0.15625 0.5 0.076171875 0.146484375
3 0.1865234375 0.10546875 0.072265625 0.1328125
3 0.1416015625 0.6259765625 0.091796875 0.138671875
6 0.1875 0.05078125 0.060546875 0.072265625
6 0.13671875 0.7578125 0.087890625 0.140625
4 0.2490234375 0.7578125 0.06640625 0.115234375
4 0.2548828125 0.623046875 0.06640625 0.11328125
4 0.2578125 0.509765625 0.064453125 0.109375
4 0.2626953125 0.3974609375 0.056640625 0.107421875
4 0.267578125 0.2900390625 0.056640625 0.107421875
4 0.275390625 0.2021484375 0.05859375 0.103515625
4 0.275390625 0.1123046875 0.052734375 0.103515625
4 0.2763671875 0.0419921875 0.05078125 0.064453125
11 0.8046875 0.2392578125 0.08203125 0.185546875
8 0.8310546875 0.3330078125 0.08984375 0.216796875
7 0.7958984375 0.1591796875 0.06640625 0.14453125
7 0.8583984375 0.46875 0.076171875 0.15625
9 0.783203125 0.0771484375 0.07421875 0.138671875
9 0.8720703125 0.611328125 0.083984375 0.1484375
12 0.765625 0.0283203125 0.0625 0.056640625
12 0.90234375 0.7470703125 0.087890625 0.154296875
10 0.6875 0.0263671875 0.0546875 0.052734375
10 0.693359375 0.091796875 0.05859375 0.1015625
10 0.7021484375 0.1845703125 0.056640625 0.109375
10 0.7158203125 0.2734375 0.064453125 0.111328125
10 0.7265625 0.3837890625 0.068359375 0.115234375
10 0.74609375 0.49609375 0.06640625 0.11328125
10 0.7548828125 0.6044921875 0.06640625 0.123046875
10 0.7763671875 0.736328125 0.06640625 0.126953125