5 0.822265625 0.7138671875 0.0859375 0.1796875
2 0.828125 0.634765625 0.08984375 0.208984375
1 0.802734375 0.802734375 0.060546875 0.142578125
1 0.8388671875 0.4951171875 0.0703125 0.142578125
3 0.7890625 0.88671875 0.064453125 0.130859375
3 0.859375 0.369140625 0.083984375 0.13671875
6 0.7880859375 0.9482421875 0.0546875 0.0859375
6 0.8681640625 0.2392578125 0.080078125 0.138671875
4 0.759765625 0.2392578125 0.05859375 0.11328125
4 0.7470703125 0.3701171875 0.05859375 0.107421875
4 0.7392578125 0.482421875 0.05859375 0.10546875
4 0.7294921875 0.59765625 0.052734375 0.10546875
4 0.716796875 0.7021484375 0.048828125 0.10546875
4 0.7060546875 0.7890625 0.052734375 0.103515625
4 0.703125 0.8779296875 0.046875 0.1015625
4 0.69921875 0.955078125 0.04296875 0.076171875
11 0.1826171875 0.74609375 0.076171875 0.18359375
8 0.16015625 0.6513671875 0.080078125 0.212890625
7 0.1865234375 0.82421875 0.060546875 0.142578125
7 0.140625 0.5146484375 0.068359375 0.15234375
9 0.197265625 0.9052734375 0.064453125 0.13671875
9 0.1337890625 0.373046875 0.078125 0.146484375
12 0.2109375 0.9638671875 0.05859375 0.072265625
12 0.109375 0.23828125 0.083984375 0.150390625
10 0.291015625 0.9658203125 0.05078125 0.068359375
10 0.28515625 0.892578125 0.052734375 0.1015625
10 0.2822265625 0.7998046875 0.052734375 0.10546875
10 0.2734375 0.7119140625 0.056640625 0.107421875
10 0.267578125 0.599609375 0.0625 0.11328125
10 0.25390625 0.490234375 0.0625 0.111328125
10 0.25 0.3798828125 0.060546875 0.1171875
10 0.2353515625 0.2490234375 0.060546875 0.123046875