5 0.7666015625 0.7412109375 0.095703125 0.181640625
2 0.77734375 0.662109375 0.10546875 0.21484375
1 0.73828125 0.8271484375 0.0703125 0.146484375
1 0.802734375 0.5244140625 0.078125 0.146484375
3 0.71484375 0.9091796875 0.072265625 0.1328125
3 0.837890625 0.40234375 0.091796875 0.142578125
6 0.705078125 0.9619140625 0.0625 0.076171875
6 0.8603515625 0.2734375 0.08984375 0.140625
4 0.7509765625 0.26171875 0.068359375 0.1171875
4 0.7255859375 0.3935546875 0.064453125 0.109375
4 0.7041015625 0.50390625 0.064453125 0.109375
4 0.6826171875 0.6181640625 0.05859375 0.107421875
4 0.662109375 0.7197265625 0.056640625 0.10546875
4 0.6435546875 0.806640625 0.05859375 0.107421875
4 0.6279296875 0.89453125 0.0546875 0.103515625
4 0.6171875 0.96484375 0.05078125 0.0703125
11 0.125 0.7158203125 0.0859375 0.1875
8 0.1142578125 0.6201171875 0.09375 0.21484375
7 0.1201171875 0.7958984375 0.068359375 0.142578125
7 0.107421875 0.484375 0.080078125 0.154296875
9 0.1220703125 0.876953125 0.07421875 0.138671875
9 0.115234375 0.33984375 0.0859375 0.1484375
12 0.12890625 0.935546875 0.064453125 0.072265625
12 0.107421875 0.205078125 0.08984375 0.154296875
10 0.208984375 0.943359375 0.0546875 0.0703125
10 0.21484375 0.8720703125 0.05859375 0.1015625
10 0.21875 0.7802734375 0.05859375 0.107421875
10 0.21875 0.6904296875 0.0625 0.109375
10 0.2255859375 0.580078125 0.0703125 0.11328125
10 0.22265625 0.4697265625 0.0703125 0.11328125
10 0.23046875 0.3583984375 0.06640625 0.12109375
10 0.2275390625 0.2265625 0.068359375 0.126953125