5 0.2431640625 0.248046875 0.103515625 0.1875
2 0.23046875 0.328125 0.115234375 0.220703125
1 0.2763671875 0.1611328125 0.076171875 0.150390625
1 0.2001953125 0.4677734375 0.083984375 0.15234375
3 0.302734375 0.078125 0.078125 0.138671875
3 0.1591796875 0.5908203125 0.09765625 0.1484375
6 0.3154296875 0.0322265625 0.068359375 0.064453125
6 0.1328125 0.7216796875 0.095703125 0.14453125
4 0.2421875 0.7373046875 0.072265625 0.12109375
4 0.2724609375 0.603515625 0.0703125 0.11328125
4 0.298828125 0.4921875 0.0703125 0.11328125
4 0.32421875 0.376953125 0.0625 0.11328125
4 0.349609375 0.2744140625 0.0625 0.109375
4 0.3720703125 0.1865234375 0.064453125 0.109375
4 0.3896484375 0.0966796875 0.05859375 0.107421875
4 0.4033203125 0.0302734375 0.052734375 0.060546875
11 0.896484375 0.296875 0.09375 0.193359375
8 0.9052734375 0.39453125 0.103515625 0.220703125
7 0.9052734375 0.21484375 0.07421875 0.1484375
7 0.9072265625 0.533203125 0.087890625 0.158203125
9 0.90625 0.1328125 0.080078125 0.142578125
9 0.89453125 0.6806640625 0.091796875 0.154296875
12 0.900390625 0.0771484375 0.06640625 0.068359375
12 0.896484375 0.818359375 0.09765625 0.16015625
10 0.8193359375 0.0654296875 0.056640625 0.064453125
10 0.8115234375 0.134765625 0.064453125 0.10546875
10 0.8037109375 0.2275390625 0.0625 0.11328125
10 0.80078125 0.3203125 0.06640625 0.11328125
10 0.791015625 0.431640625 0.076171875 0.119140625
10 0.7890625 0.5439453125 0.076171875 0.119140625
10 0.7783203125 0.6572265625 0.072265625 0.125
10 0.775390625 0.7919921875 0.07421875 0.130859375