5 0.181640625 0.234375 0.095703125 0.1953125
2 0.16796875 0.3173828125 0.099609375 0.2265625
1 0.2099609375 0.140625 0.068359375 0.154296875
1 0.142578125 0.4658203125 0.078125 0.154296875
3 0.232421875 0.060546875 0.07421875 0.12109375
3 0.1103515625 0.59765625 0.09375 0.1484375
6 0.2392578125 0.0166015625 0.060546875 0.033203125
6 0.087890625 0.736328125 0.087890625 0.150390625
4 0.2041015625 0.748046875 0.06640625 0.123046875
4 0.2294921875 0.6083984375 0.06640625 0.1171875
4 0.2490234375 0.48828125 0.064453125 0.115234375
4 0.26953125 0.3662109375 0.056640625 0.115234375
4 0.29296875 0.255859375 0.0546875 0.115234375
4 0.3115234375 0.1640625 0.056640625 0.111328125
4 0.32421875 0.0693359375 0.052734375 0.109375
4 0.3330078125 0.013671875 0.044921875 0.02734375
11 0.8681640625 0.259765625 0.0859375 0.19921875
8 0.8828125 0.3623046875 0.08984375 0.23046875
7 0.8701171875 0.1748046875 0.068359375 0.154296875
7 0.890625 0.509765625 0.076171875 0.1640625
9 0.8671875 0.0888671875 0.072265625 0.14453125
9 0.8857421875 0.662109375 0.0859375 0.15625
12 0.8564453125 0.0400390625 0.0625 0.046875
12 0.8984375 0.8095703125 0.091796875 0.1640625
10 0.771484375 0.0322265625 0.052734375 0.0390625
10 0.771484375 0.0927734375 0.056640625 0.109375
10 0.7666015625 0.1923828125 0.056640625 0.115234375
10 0.7666015625 0.287109375 0.064453125 0.1171875
10 0.7626953125 0.4072265625 0.068359375 0.123046875
10 0.767578125 0.525390625 0.068359375 0.12109375
10 0.7626953125 0.6435546875 0.06640625 0.12890625
10 0.765625 0.78515625 0.06640625 0.1328125