5 0.1865234375 0.27734375 0.0791015625 0.17578125
2 0.177734375 0.3544921875 0.08203125 0.2041015625
1 0.2080078125 0.189453125 0.0556640625 0.1396484375
1 0.162109375 0.4931640625 0.064453125 0.1396484375
3 0.224609375 0.107421875 0.060546875 0.126953125
3 0.138671875 0.6162109375 0.0791015625 0.1318359375
6 0.228515625 0.0458984375 0.052734375 0.0869140625
6 0.1240234375 0.7451171875 0.07421875 0.134765625
4 0.232421875 0.75 0.0556640625 0.1103515625
4 0.2490234375 0.6201171875 0.0556640625 0.10546875
4 0.2607421875 0.5087890625 0.0556640625 0.103515625
4 0.2744140625 0.3955078125 0.0478515625 0.103515625
4 0.2900390625 0.2919921875 0.0458984375 0.103515625
4 0.302734375 0.20703125 0.0478515625 0.1005859375
4 0.310546875 0.119140625 0.04296875 0.0986328125
4 0.31640625 0.0419921875 0.041015625 0.07421875
11 0.8212890625 0.267578125 0.0693359375 0.1806640625
8 0.8388671875 0.361328125 0.072265625 0.208984375
7 0.818359375 0.189453125 0.0556640625 0.1396484375
7 0.853515625 0.498046875 0.0625 0.1494140625
9 0.8115234375 0.109375 0.060546875 0.1318359375
9 0.85546875 0.638671875 0.072265625 0.1416015625
12 0.798828125 0.05078125 0.0556640625 0.072265625
12 0.875 0.7724609375 0.0771484375 0.146484375
10 0.720703125 0.0458984375 0.0478515625 0.0673828125
10 0.7236328125 0.119140625 0.0478515625 0.0986328125
10 0.7236328125 0.2099609375 0.0478515625 0.103515625
10 0.728515625 0.2978515625 0.052734375 0.10546875
10 0.73046875 0.408203125 0.0576171875 0.1103515625
10 0.740234375 0.517578125 0.0576171875 0.1083984375
10 0.7412109375 0.626953125 0.0556640625 0.115234375
10 0.7509765625 0.7568359375 0.0556640625 0.1201171875