5 0.7900390625 0.28125 0.0791015625 0.16796875
2 0.79296875 0.35546875 0.0869140625 0.197265625
1 0.771484375 0.197265625 0.0576171875 0.134765625
1 0.806640625 0.48828125 0.064453125 0.134765625
3 0.7568359375 0.1162109375 0.0625 0.123046875
3 0.826171875 0.607421875 0.0791015625 0.126953125
6 0.7548828125 0.048828125 0.052734375 0.09765625
6 0.8369140625 0.73046875 0.0771484375 0.1298828125
4 0.73046875 0.7353515625 0.0576171875 0.10546875
4 0.71875 0.609375 0.0576171875 0.103515625
4 0.7099609375 0.501953125 0.0556640625 0.1005859375
4 0.69921875 0.3955078125 0.0478515625 0.0986328125
4 0.689453125 0.294921875 0.0478515625 0.0986328125
4 0.6787109375 0.2119140625 0.05078125 0.095703125
4 0.673828125 0.126953125 0.0458984375 0.095703125
4 0.6708984375 0.0458984375 0.04296875 0.091796875
11 0.1787109375 0.2744140625 0.0693359375 0.1728515625
8 0.16015625 0.36328125 0.07421875 0.2021484375
7 0.18359375 0.197265625 0.0556640625 0.134765625
7 0.140625 0.4931640625 0.064453125 0.14453125
9 0.1923828125 0.119140625 0.0625 0.126953125
9 0.134765625 0.62890625 0.072265625 0.13671875
12 0.2041015625 0.048828125 0.056640625 0.09765625
12 0.11328125 0.7587890625 0.0771484375 0.1416015625
10 0.279296875 0.0458984375 0.0478515625 0.091796875
10 0.27734375 0.12890625 0.05078125 0.09375
10 0.2744140625 0.216796875 0.0478515625 0.1005859375
10 0.265625 0.3017578125 0.0556640625 0.103515625
10 0.2607421875 0.40625 0.060546875 0.10546875
10 0.248046875 0.513671875 0.0576171875 0.103515625
10 0.2451171875 0.6162109375 0.0576171875 0.11328125
10 0.23046875 0.7412109375 0.0576171875 0.1181640625