11 0.4248046875 0.14453125 0.111328125 0.20703125
12 0.2783203125 0.0703125 0.095703125 0.140625
7 0.259765625 0.123046875 0.095703125 0.16796875
8 0.2099609375 0.2861328125 0.12109375 0.234375
9 0.2060546875 0.8125 0.12109375 0.19140625
10 0.345703125 0.150390625 0.080078125 0.12890625
10 0.30078125 0.333984375 0.080078125 0.126953125
10 0.2841796875 0.4404296875 0.08984375 0.130859375
10 0.3720703125 0.5927734375 0.087890625 0.134765625
2 0.85546875 0.3779296875 0.1328125 0.232421875
6 0.6806640625 0.11328125 0.091796875 0.150390625
1 0.5849609375 0.2607421875 0.09765625 0.177734375
6 0.5703125 0.384765625 0.091796875 0.146484375
3 0.3837890625 0.44921875 0.111328125 0.1875
3 0.232421875 0.654296875 0.107421875 0.181640625
4 0.5 0.19140625 0.076171875 0.130859375
4 0.548828125 0.73046875 0.0859375 0.134765625
4 0.755859375 0.408203125 0.080078125 0.12890625
4 0.6416015625 0.609375 0.08203125 0.1328125