11 0.2763671875 0.9013671875 0.091796875 0.173828125
12 0.1103515625 0.9345703125 0.078125 0.083984375
7 0.099609375 0.8955078125 0.083984375 0.158203125
8 0.0859375 0.720703125 0.10546875 0.240234375
9 0.19921875 0.1796875 0.11328125 0.1953125
10 0.197265625 0.89453125 0.0703125 0.1328125
10 0.1904296875 0.6943359375 0.068359375 0.126953125
10 0.2001953125 0.5830078125 0.08203125 0.1328125
10 0.3212890625 0.44921875 0.080078125 0.138671875
2 0.7734375 0.79296875 0.115234375 0.240234375
6 0.53515625 0.97265625 0.07421875 0.0546875
1 0.466796875 0.8447265625 0.08203125 0.181640625
6 0.48046875 0.7138671875 0.083984375 0.150390625
3 0.3037109375 0.5986328125 0.095703125 0.189453125
3 0.193359375 0.3486328125 0.095703125 0.185546875
4 0.3642578125 0.8955078125 0.06640625 0.130859375
4 0.537109375 0.3515625 0.078125 0.138671875
4 0.677734375 0.7353515625 0.072265625 0.134765625
4 0.6044921875 0.501953125 0.072265625 0.134765625