11 0.30859375 0.103515625 0.0791015625 0.1923828125
12 0.15234375 0.05859375 0.07421875 0.1171875
7 0.142578125 0.1083984375 0.0693359375 0.154296875
8 0.1240234375 0.275390625 0.083984375 0.21875
9 0.2138671875 0.7880859375 0.091796875 0.1728515625
10 0.234375 0.123046875 0.060546875 0.115234375
10 0.22265625 0.3076171875 0.060546875 0.115234375
10 0.2255859375 0.412109375 0.0673828125 0.1181640625
10 0.3369140625 0.546875 0.0673828125 0.123046875
2 0.76953125 0.2646484375 0.095703125 0.216796875
6 0.552734375 0.0517578125 0.0673828125 0.103515625
1 0.484375 0.1923828125 0.0693359375 0.1630859375
6 0.4912109375 0.3125 0.0693359375 0.134765625
3 0.32421875 0.4072265625 0.08203125 0.1708984375
3 0.2119140625 0.6298828125 0.08203125 0.16796875
4 0.388671875 0.1357421875 0.0556640625 0.1181640625
4 0.533203125 0.6552734375 0.0625 0.123046875
4 0.677734375 0.310546875 0.0576171875 0.1201171875
4 0.6025390625 0.521484375 0.060546875 0.1201171875