11 0.65234375 0.9111328125 0.109375 0.177734375
12 0.80859375 0.9658203125 0.09375 0.068359375
7 0.8251953125 0.931640625 0.095703125 0.13671875
8 0.8701171875 0.7783203125 0.119140625 0.240234375
9 0.8515625 0.23046875 0.119140625 0.193359375
10 0.732421875 0.919921875 0.080078125 0.12890625
10 0.7724609375 0.7294921875 0.080078125 0.12890625
10 0.7841796875 0.6201171875 0.0859375 0.1328125
10 0.6884765625 0.4638671875 0.087890625 0.13671875
2 0.197265625 0.6943359375 0.130859375 0.240234375
6 0.3916015625 0.94140625 0.08203125 0.10546875
1 0.482421875 0.8115234375 0.095703125 0.1796875
6 0.4931640625 0.685546875 0.091796875 0.150390625
3 0.6806640625 0.611328125 0.109375 0.189453125
3 0.8310546875 0.3955078125 0.109375 0.1875
4 0.5751953125 0.884765625 0.07421875 0.130859375
4 0.4990234375 0.322265625 0.08203125 0.13671875
4 0.298828125 0.66015625 0.078125 0.1328125
4 0.408203125 0.451171875 0.080078125 0.1328125