11 0.6357421875 0.1630859375 0.0791015625 0.197265625
12 0.79296875 0.109375 0.072265625 0.1416015625
7 0.8017578125 0.1708984375 0.0693359375 0.158203125
8 0.8232421875 0.33984375 0.083984375 0.2236328125
9 0.7353515625 0.8583984375 0.091796875 0.177734375
10 0.712890625 0.1826171875 0.060546875 0.1201171875
10 0.724609375 0.37109375 0.060546875 0.1181640625
10 0.72265625 0.478515625 0.0693359375 0.1201171875
10 0.6103515625 0.61328125 0.0673828125 0.125
2 0.1708984375 0.318359375 0.095703125 0.21875
6 0.3896484375 0.087890625 0.0673828125 0.1416015625
1 0.4580078125 0.25 0.0693359375 0.16796875
6 0.451171875 0.3740234375 0.0693359375 0.13671875
3 0.623046875 0.4697265625 0.08203125 0.17578125
3 0.736328125 0.6982421875 0.0791015625 0.1708984375
4 0.5537109375 0.1962890625 0.0556640625 0.123046875
4 0.412109375 0.71875 0.064453125 0.125
4 0.263671875 0.365234375 0.060546875 0.1201171875
4 0.341796875 0.5830078125 0.0625 0.123046875