11 0.33984375 0.1689453125 0.09765625 0.21484375
12 0.1689453125 0.123046875 0.0859375 0.15625
7 0.1650390625 0.1884765625 0.0859375 0.171875
8 0.154296875 0.369140625 0.10546875 0.2421875
9 0.28515625 0.90625 0.109375 0.1875
10 0.2607421875 0.1943359375 0.072265625 0.1328125
10 0.26171875 0.3955078125 0.072265625 0.12890625
10 0.271484375 0.5078125 0.08203125 0.1328125
10 0.400390625 0.6416015625 0.080078125 0.13671875
2 0.84375 0.2978515625 0.1171875 0.23828125
6 0.595703125 0.0732421875 0.08203125 0.146484375
1 0.53515625 0.2470703125 0.0859375 0.18359375
6 0.55078125 0.3779296875 0.083984375 0.150390625
3 0.376953125 0.4921875 0.099609375 0.19140625
3 0.2734375 0.7421875 0.095703125 0.185546875
4 0.4287109375 0.1962890625 0.068359375 0.1328125
4 0.6171875 0.7392578125 0.078125 0.13671875
4 0.7490234375 0.3544921875 0.072265625 0.1328125
4 0.6826171875 0.5908203125 0.076171875 0.134765625