11 0.34765625 0.1259765625 0.07421875 0.189453125
12 0.197265625 0.0712890625 0.0673828125 0.13671875
7 0.185546875 0.1318359375 0.0673828125 0.154296875
8 0.1611328125 0.2978515625 0.08203125 0.216796875
9 0.23046875 0.80078125 0.091796875 0.1728515625
10 0.2744140625 0.1455078125 0.0576171875 0.1181640625
10 0.255859375 0.328125 0.0556640625 0.11328125
10 0.2568359375 0.431640625 0.0673828125 0.1181640625
10 0.359375 0.5615234375 0.064453125 0.123046875
2 0.7958984375 0.275390625 0.091796875 0.2138671875
6 0.58984375 0.060546875 0.064453125 0.1201171875
1 0.517578125 0.208984375 0.064453125 0.1630859375
6 0.521484375 0.3291015625 0.0673828125 0.134765625
3 0.353515625 0.4228515625 0.0771484375 0.16796875
3 0.2353515625 0.6455078125 0.0771484375 0.166015625
4 0.427734375 0.1552734375 0.052734375 0.1181640625
4 0.55078125 0.6650390625 0.0625 0.123046875
4 0.7041015625 0.322265625 0.0576171875 0.1201171875
4 0.623046875 0.53125 0.0576171875 0.1201171875