11 0.7265625 0.1357421875 0.119140625 0.205078125
12 0.892578125 0.1259765625 0.091796875 0.119140625
7 0.896484375 0.1728515625 0.10546875 0.17578125
8 0.884765625 0.3525390625 0.134765625 0.24609375
9 0.69921875 0.8642578125 0.134765625 0.201171875
10 0.80078125 0.1669921875 0.0859375 0.13671875
10 0.7783203125 0.3623046875 0.083984375 0.130859375
10 0.75390625 0.470703125 0.09765625 0.138671875
10 0.6181640625 0.583984375 0.095703125 0.142578125
2 0.224609375 0.1865234375 0.142578125 0.244140625
6 0.482421875 0.0390625 0.0859375 0.078125
1 0.5302734375 0.1796875 0.103515625 0.185546875
6 0.4990234375 0.3056640625 0.1015625 0.15625
3 0.6552734375 0.44140625 0.1171875 0.193359375
3 0.728515625 0.7001953125 0.1171875 0.19140625
4 0.63671875 0.142578125 0.08203125 0.134765625
4 0.39453125 0.650390625 0.09375 0.142578125
4 0.3095703125 0.2568359375 0.087890625 0.138671875
4 0.3486328125 0.494140625 0.087890625 0.138671875