11 0.767578125 0.1318359375 0.115234375 0.193359375
12 0.94140625 0.1181640625 0.095703125 0.10546875
7 0.9462890625 0.1552734375 0.103515625 0.17578125
8 0.9345703125 0.337890625 0.130859375 0.25
9 0.7412109375 0.8681640625 0.12890625 0.201171875
10 0.845703125 0.1533203125 0.0859375 0.134765625
10 0.8232421875 0.353515625 0.0859375 0.134765625
10 0.7998046875 0.46484375 0.09375 0.138671875
10 0.65625 0.5869140625 0.095703125 0.142578125
2 0.248046875 0.205078125 0.14453125 0.248046875
6 0.515625 0.0400390625 0.0859375 0.080078125
1 0.5654296875 0.181640625 0.10546875 0.1875
6 0.53515625 0.3076171875 0.099609375 0.15625
3 0.6962890625 0.4404296875 0.119140625 0.197265625
3 0.7744140625 0.69921875 0.119140625 0.1953125
4 0.6787109375 0.138671875 0.080078125 0.13671875
4 0.42578125 0.6650390625 0.08984375 0.142578125
4 0.3369140625 0.26953125 0.083984375 0.138671875
4 0.3779296875 0.5107421875 0.087890625 0.138671875