12 0.5634765625 0.23828125 0.060546875 0.1298828125
8 0.65234375 0.392578125 0.07421875 0.2041015625
10 0.5771484375 0.3232421875 0.052734375 0.11328125
10 0.6474609375 0.1611328125 0.0556640625 0.1103515625
10 0.73046875 0.0673828125 0.052734375 0.10546875
10 0.75390625 0.6513671875 0.060546875 0.115234375
2 0.3525390625 0.73828125 0.083984375 0.2119140625
6 0.162109375 0.7802734375 0.0791015625 0.1416015625
5 0.41015625 0.3125 0.064453125 0.1826171875
4 0.326171875 0.2451171875 0.0458984375 0.10546875
4 0.490234375 0.3232421875 0.0478515625 0.1083984375
4 0.3837890625 0.5361328125 0.0556640625 0.115234375