12 0.533203125 0.7705078125 0.076171875 0.13671875
8 0.6416015625 0.626953125 0.099609375 0.212890625
10 0.5576171875 0.6875 0.06640625 0.119140625
10 0.6083984375 0.857421875 0.068359375 0.1171875
10 0.6796875 0.953125 0.06640625 0.09375
10 0.775390625 0.37890625 0.07421875 0.123046875
2 0.3837890625 0.244140625 0.111328125 0.22265625
6 0.1982421875 0.177734375 0.09765625 0.15234375
5 0.388671875 0.6767578125 0.087890625 0.19140625
4 0.2958984375 0.7333984375 0.05859375 0.111328125
4 0.4716796875 0.6767578125 0.0625 0.115234375
4 0.3896484375 0.4501953125 0.0703125 0.123046875