12 0.533203125 0.7646484375 0.076171875 0.14453125
8 0.6416015625 0.6064453125 0.099609375 0.224609375
10 0.5546875 0.6748046875 0.06640625 0.125
10 0.615234375 0.8544921875 0.0703125 0.123046875
10 0.6953125 0.951171875 0.06640625 0.09765625
10 0.7734375 0.3408203125 0.07421875 0.12890625
2 0.3525390625 0.2109375 0.109375 0.234375
6 0.154296875 0.1474609375 0.09765625 0.158203125
5 0.375 0.6708984375 0.0859375 0.201171875
4 0.2783203125 0.734375 0.05859375 0.1171875
4 0.4619140625 0.666015625 0.0625 0.12109375
4 0.3681640625 0.4287109375 0.0703125 0.12890625