2 0.1455078125 0.6357421875 0.126953125 0.220703125
5 0.146484375 0.5205078125 0.123046875 0.19921875
3 0.1533203125 0.37109375 0.107421875 0.150390625
3 0.1357421875 0.6953125 0.09765625 0.142578125
1 0.1689453125 0.24609375 0.10546875 0.166015625
1 0.1435546875 0.7998046875 0.087890625 0.158203125
6 0.14453125 0.8740234375 0.083984375 0.123046875
6 0.1728515625 0.1005859375 0.119140625 0.162109375
4 0.2841796875 0.126953125 0.08984375 0.1328125
4 0.2724609375 0.2822265625 0.0859375 0.130859375
4 0.275390625 0.3955078125 0.080078125 0.123046875
4 0.251953125 0.5185546875 0.078125 0.1171875
4 0.2529296875 0.6142578125 0.083984375 0.123046875
4 0.2373046875 0.6962890625 0.080078125 0.12109375
4 0.240234375 0.798828125 0.076171875 0.1171875
4 0.2216796875 0.8916015625 0.072265625 0.119140625
11 0.779296875 0.7646484375 0.119140625 0.203125
8 0.8154296875 0.68359375 0.130859375 0.2265625
9 0.767578125 0.853515625 0.09765625 0.146484375
9 0.8486328125 0.5400390625 0.1171875 0.1640625
7 0.7294921875 0.935546875 0.099609375 0.12890625
7 0.8935546875 0.41796875 0.111328125 0.169921875
12 0.7060546875 0.970703125 0.087890625 0.05859375
12 0.93359375 0.2646484375 0.119140625 0.169921875
10 0.630859375 0.966796875 0.07421875 0.06640625
10 0.6416015625 0.908203125 0.080078125 0.125
10 0.673828125 0.818359375 0.08203125 0.123046875
10 0.6953125 0.7294921875 0.083984375 0.123046875
10 0.7158203125 0.625 0.08984375 0.1328125
10 0.8203125 0.2412109375 0.09375 0.130859375
10 0.783203125 0.38671875 0.095703125 0.138671875
10 0.5625 0.453125 0.0859375 0.134765625