2 0.875 0.32421875 0.1015625 0.220703125
5 0.8935546875 0.4423828125 0.099609375 0.197265625
3 0.912109375 0.59765625 0.08984375 0.146484375
3 0.8759765625 0.2607421875 0.08203125 0.140625
1 0.916015625 0.7265625 0.087890625 0.166015625
1 0.8515625 0.1552734375 0.068359375 0.158203125
6 0.8388671875 0.080078125 0.0703125 0.119140625
6 0.931640625 0.876953125 0.095703125 0.15625
4 0.81640625 0.869140625 0.07421875 0.130859375
4 0.802734375 0.70703125 0.0703125 0.130859375
4 0.7822265625 0.591796875 0.06640625 0.12109375
4 0.7861328125 0.4609375 0.064453125 0.115234375
4 0.7685546875 0.3642578125 0.0703125 0.119140625
4 0.7734375 0.27734375 0.06640625 0.119140625
4 0.7529296875 0.171875 0.0625 0.115234375
4 0.7568359375 0.07421875 0.05859375 0.119140625
11 0.2060546875 0.2939453125 0.09375 0.201171875
8 0.18359375 0.3828125 0.103515625 0.224609375
9 0.205078125 0.2021484375 0.080078125 0.142578125
9 0.1728515625 0.5361328125 0.099609375 0.16015625
7 0.2265625 0.091796875 0.080078125 0.166015625
7 0.1455078125 0.6689453125 0.091796875 0.16796875
12 0.2392578125 0.048828125 0.076171875 0.09765625
12 0.1298828125 0.83203125 0.099609375 0.166015625
10 0.3203125 0.0478515625 0.0625 0.095703125
10 0.32421875 0.1259765625 0.06640625 0.123046875
10 0.3056640625 0.22265625 0.068359375 0.123046875
10 0.2978515625 0.3173828125 0.0703125 0.119140625
10 0.2939453125 0.427734375 0.07421875 0.130859375
10 0.2490234375 0.837890625 0.078125 0.126953125
10 0.2626953125 0.68359375 0.080078125 0.134765625
10 0.478515625 0.5791015625 0.0703125 0.1328125