2 0.798828125 0.3125 0.0791015625 0.197265625
5 0.8232421875 0.419921875 0.0791015625 0.17578125
3 0.849609375 0.560546875 0.07421875 0.1298828125
3 0.7958984375 0.2548828125 0.0673828125 0.125
1 0.861328125 0.6787109375 0.0693359375 0.146484375
1 0.7666015625 0.16015625 0.052734375 0.1416015625
6 0.75 0.083984375 0.0576171875 0.1201171875
6 0.888671875 0.814453125 0.083984375 0.1396484375
4 0.7802734375 0.814453125 0.060546875 0.115234375
4 0.7568359375 0.66796875 0.0576171875 0.115234375
4 0.73046875 0.5634765625 0.052734375 0.1083984375
4 0.7255859375 0.443359375 0.052734375 0.103515625
4 0.7041015625 0.35546875 0.0576171875 0.10546875
4 0.7021484375 0.2763671875 0.052734375 0.10546875
4 0.6767578125 0.181640625 0.05078125 0.103515625
4 0.673828125 0.091796875 0.0458984375 0.10546875
11 0.18359375 0.328125 0.07421875 0.1806640625
8 0.16796875 0.4111328125 0.08203125 0.2021484375
9 0.1767578125 0.244140625 0.064453125 0.126953125
9 0.16796875 0.5517578125 0.08203125 0.1416015625
7 0.189453125 0.1416015625 0.0625 0.1494140625
7 0.15234375 0.67578125 0.07421875 0.1494140625
12 0.19921875 0.0830078125 0.0625 0.123046875
12 0.1494140625 0.826171875 0.08203125 0.146484375
10 0.2724609375 0.0849609375 0.05078125 0.103515625
10 0.28125 0.166015625 0.052734375 0.1103515625
10 0.2705078125 0.255859375 0.0556640625 0.1083984375
10 0.26953125 0.34375 0.0576171875 0.10546875
10 0.2724609375 0.4443359375 0.060546875 0.115234375
10 0.2587890625 0.8232421875 0.064453125 0.11328125
10 0.2607421875 0.6806640625 0.064453125 0.1201171875
10 0.4521484375 0.5712890625 0.0576171875 0.1181640625