6 0.9189453125 0.29296875 0.10546875 0.158203125
2 0.75390625 0.7822265625 0.11328125 0.2265625
6 0.6806640625 0.96484375 0.072265625 0.0703125
5 0.513671875 0.607421875 0.091796875 0.197265625
3 0.6767578125 0.3837890625 0.09375 0.16796875
3 0.5810546875 0.712890625 0.08203125 0.154296875
4 0.8095703125 0.271484375 0.078125 0.1328125
4 0.625 0.5029296875 0.072265625 0.119140625
4 0.5810546875 0.3583984375 0.072265625 0.123046875
4 0.673828125 0.716796875 0.0703125 0.123046875
4 0.4814453125 0.7724609375 0.07421875 0.123046875
4 0.5322265625 0.876953125 0.07421875 0.12109375
1 0.5966796875 0.955078125 0.076171875 0.08984375
1 0.3671875 0.453125 0.0859375 0.162109375
7 0.119140625 0.83203125 0.0859375 0.154296875
12 0.1220703125 0.8935546875 0.072265625 0.12109375
8 0.1376953125 0.5634765625 0.11328125 0.220703125
11 0.28515625 0.8642578125 0.095703125 0.197265625
9 0.3212890625 0.673828125 0.087890625 0.150390625
9 0.1630859375 0.416015625 0.099609375 0.15625
7 0.1630859375 0.2919921875 0.099609375 0.1640625
10 0.2763671875 0.302734375 0.076171875 0.12890625
10 0.2451171875 0.5439453125 0.0859375 0.126953125
10 0.2275390625 0.6484375 0.0703125 0.125
10 0.21484375 0.826171875 0.072265625 0.125
10 0.3466796875 0.93359375 0.068359375 0.103515625
10 0.380859375 0.7744140625 0.072265625 0.119140625