6 0.8740234375 0.7548828125 0.083984375 0.14453125
2 0.78125 0.259765625 0.08203125 0.2119140625
6 0.73828125 0.0517578125 0.0576171875 0.103515625
5 0.525390625 0.3955078125 0.064453125 0.185546875
3 0.65234375 0.6337890625 0.0693359375 0.15625
3 0.6044921875 0.302734375 0.060546875 0.14453125
4 0.765625 0.7607421875 0.060546875 0.123046875
4 0.619140625 0.51171875 0.0556640625 0.1103515625
4 0.556640625 0.6455078125 0.0556640625 0.11328125
4 0.6943359375 0.3115234375 0.052734375 0.11328125
4 0.5166015625 0.232421875 0.0576171875 0.11328125
4 0.5791015625 0.13671875 0.0576171875 0.1103515625
1 0.6552734375 0.0556640625 0.060546875 0.1103515625
1 0.36328125 0.525390625 0.0625 0.1513671875
7 0.173828125 0.125 0.064453125 0.14453125
12 0.1865234375 0.0615234375 0.0556640625 0.123046875
8 0.15625 0.38671875 0.08203125 0.20703125
11 0.3388671875 0.1162109375 0.0673828125 0.185546875
9 0.3486328125 0.3056640625 0.0673828125 0.1396484375
9 0.16015625 0.5322265625 0.0791015625 0.1416015625
7 0.14453125 0.65234375 0.0771484375 0.1513671875
10 0.2548828125 0.6572265625 0.0576171875 0.1181640625
10 0.2568359375 0.4208984375 0.0673828125 0.115234375
10 0.2548828125 0.3173828125 0.052734375 0.115234375
10 0.265625 0.14453125 0.0556640625 0.115234375
10 0.408203125 0.052734375 0.052734375 0.10546875
10 0.419921875 0.216796875 0.0556640625 0.1103515625