6 0.8759765625 0.1904296875 0.10546875 0.16015625
2 0.84375 0.7158203125 0.111328125 0.228515625
6 0.822265625 0.923828125 0.0703125 0.0859375
5 0.560546875 0.607421875 0.08984375 0.19921875
3 0.662109375 0.3447265625 0.091796875 0.169921875
3 0.654296875 0.693359375 0.080078125 0.15625
4 0.7626953125 0.1982421875 0.078125 0.134765625
4 0.642578125 0.474609375 0.0703125 0.12109375
4 0.560546875 0.34375 0.072265625 0.125
4 0.7470703125 0.673828125 0.0703125 0.125
4 0.572265625 0.7783203125 0.07421875 0.125
4 0.6484375 0.869140625 0.07421875 0.12109375
1 0.7373046875 0.9306640625 0.072265625 0.095703125
1 0.375 0.494140625 0.083984375 0.1640625
7 0.23046875 0.9267578125 0.0859375 0.146484375
12 0.248046875 0.9658203125 0.0703125 0.068359375
8 0.1787109375 0.6630859375 0.111328125 0.224609375
11 0.40234375 0.9091796875 0.09375 0.181640625
9 0.3876953125 0.724609375 0.087890625 0.15234375
9 0.1640625 0.51171875 0.099609375 0.158203125
7 0.1318359375 0.3896484375 0.099609375 0.166015625
10 0.24609375 0.37109375 0.07421875 0.12890625
10 0.279296875 0.615234375 0.083984375 0.126953125
10 0.2890625 0.7236328125 0.0703125 0.126953125
10 0.3232421875 0.9013671875 0.072265625 0.126953125
10 0.4794921875 0.9599609375 0.064453125 0.080078125
10 0.47265625 0.8076171875 0.0703125 0.12109375