6 0.0244140625 0.3095703125 0.048828125 0.169921875
2 0.2099609375 0.8154296875 0.138671875 0.24609375
6 0.302734375 0.982421875 0.08203125 0.03515625
5 0.4501953125 0.611328125 0.1171875 0.212890625
3 0.2548828125 0.388671875 0.111328125 0.1796875
3 0.3896484375 0.7294921875 0.09765625 0.166015625
4 0.1025390625 0.2802734375 0.09765625 0.146484375
4 0.322265625 0.509765625 0.087890625 0.1328125
4 0.3564453125 0.3505859375 0.08984375 0.134765625
4 0.291015625 0.7421875 0.083984375 0.130859375
4 0.498046875 0.7841796875 0.087890625 0.1328125
4 0.45703125 0.900390625 0.083984375 0.130859375
1 0.3935546875 0.9697265625 0.080078125 0.060546875
1 0.5908203125 0.43359375 0.1015625 0.173828125
7 0.8916015625 0.8154296875 0.107421875 0.173828125
12 0.890625 0.8671875 0.08203125 0.107421875
8 0.845703125 0.53125 0.13671875 0.236328125
11 0.7177734375 0.861328125 0.115234375 0.205078125
9 0.66015625 0.6650390625 0.10546875 0.162109375
9 0.8056640625 0.37890625 0.1171875 0.16796875
7 0.7939453125 0.2451171875 0.119140625 0.1796875
10 0.67578125 0.2646484375 0.091796875 0.140625
10 0.7294921875 0.5205078125 0.09765625 0.13671875
10 0.7578125 0.6298828125 0.0859375 0.134765625
10 0.7900390625 0.818359375 0.087890625 0.134765625
10 0.65625 0.931640625 0.076171875 0.09765625
10 0.609375 0.77734375 0.083984375 0.12890625