6 0.79296875 0.1259765625 0.109375 0.15625
2 0.8134765625 0.63671875 0.123046875 0.2265625
6 0.822265625 0.8623046875 0.08203125 0.13671875
5 0.53125 0.5634765625 0.1015625 0.1953125
3 0.603515625 0.30078125 0.09765625 0.1640625
3 0.6298828125 0.6376953125 0.0859375 0.154296875
4 0.685546875 0.1484375 0.087890625 0.134765625
4 0.5966796875 0.427734375 0.076171875 0.12109375
4 0.50390625 0.30859375 0.080078125 0.123046875
4 0.7177734375 0.607421875 0.07421875 0.12109375
4 0.5615234375 0.7275390625 0.076171875 0.12109375
4 0.6435546875 0.806640625 0.07421875 0.12109375
1 0.740234375 0.88671875 0.083984375 0.15234375
1 0.341796875 0.4736328125 0.08984375 0.16015625
7 0.2470703125 0.912109375 0.09375 0.16015625
12 0.2724609375 0.953125 0.080078125 0.09375
8 0.169921875 0.658203125 0.12109375 0.21875
11 0.4111328125 0.884765625 0.1015625 0.1953125
9 0.3779296875 0.693359375 0.091796875 0.150390625
9 0.140625 0.5146484375 0.10546875 0.154296875
7 0.0966796875 0.3994140625 0.103515625 0.1640625
10 0.203125 0.3671875 0.08203125 0.12890625
10 0.26171875 0.6015625 0.0859375 0.125
10 0.283203125 0.7041015625 0.07421875 0.123046875
10 0.3330078125 0.8740234375 0.078125 0.123046875
10 0.494140625 0.9306640625 0.07421875 0.123046875
10 0.466796875 0.7666015625 0.07421875 0.1171875