6 0.859375 0.78515625 0.0791015625 0.13671875
2 0.7763671875 0.2978515625 0.0771484375 0.20703125
6 0.7392578125 0.0830078125 0.0556640625 0.123046875
5 0.5244140625 0.423828125 0.0625 0.1806640625
3 0.6455078125 0.658203125 0.064453125 0.1494140625
3 0.6025390625 0.333984375 0.0556640625 0.1396484375
4 0.75390625 0.7861328125 0.060546875 0.1201171875
4 0.61328125 0.5400390625 0.052734375 0.1083984375
4 0.548828125 0.6708984375 0.0556640625 0.1103515625
4 0.69140625 0.3447265625 0.05078125 0.1083984375
4 0.51953125 0.263671875 0.052734375 0.1083984375
4 0.580078125 0.171875 0.05078125 0.1083984375
1 0.65625 0.0771484375 0.052734375 0.1396484375
1 0.36328125 0.546875 0.0576171875 0.146484375
7 0.185546875 0.1513671875 0.0625 0.14453125
12 0.197265625 0.0888671875 0.052734375 0.1201171875
8 0.1630859375 0.4072265625 0.0771484375 0.19921875
11 0.345703125 0.1455078125 0.0625 0.1806640625
9 0.353515625 0.33203125 0.0625 0.134765625
9 0.1650390625 0.548828125 0.07421875 0.13671875
7 0.146484375 0.6669921875 0.072265625 0.146484375
10 0.25390625 0.67578125 0.0556640625 0.115234375
10 0.26171875 0.4423828125 0.0625 0.1103515625
10 0.2607421875 0.341796875 0.05078125 0.1103515625
10 0.2744140625 0.1708984375 0.052734375 0.1103515625
10 0.4150390625 0.083984375 0.05078125 0.1103515625
10 0.421875 0.2451171875 0.05078125 0.10546875