12 0.6513671875 0.76953125 0.072265625 0.14453125
6 0.8525390625 0.767578125 0.07421875 0.13671875
2 0.732421875 0.626953125 0.083984375 0.2119140625
5 0.5986328125 0.31640625 0.072265625 0.1806640625
4 0.6806640625 0.244140625 0.0478515625 0.1083984375
4 0.6240234375 0.541015625 0.0556640625 0.115234375
4 0.515625 0.328125 0.05078125 0.103515625
6 0.267578125 0.5380859375 0.064453125 0.14453125
8 0.35546875 0.404296875 0.0771484375 0.197265625
12 0.173828125 0.2490234375 0.0693359375 0.126953125
10 0.431640625 0.33203125 0.05078125 0.1103515625
10 0.3583984375 0.177734375 0.0478515625 0.1103515625
10 0.267578125 0.0830078125 0.05078125 0.103515625
10 0.2587890625 0.66796875 0.060546875 0.1103515625