12 0.359375 0.802734375 0.07421875 0.1494140625
6 0.1474609375 0.8076171875 0.0791015625 0.14453125
2 0.27734375 0.65625 0.0888671875 0.220703125
5 0.4169921875 0.32421875 0.07421875 0.1875
4 0.3291015625 0.2509765625 0.052734375 0.11328125
4 0.388671875 0.5615234375 0.060546875 0.123046875
4 0.5048828125 0.3369140625 0.052734375 0.1103515625
6 0.763671875 0.55078125 0.0693359375 0.1494140625
8 0.671875 0.412109375 0.0791015625 0.2041015625
12 0.86328125 0.244140625 0.072265625 0.1318359375
10 0.591796875 0.337890625 0.052734375 0.1181640625
10 0.669921875 0.1728515625 0.05078125 0.115234375
10 0.7646484375 0.0693359375 0.052734375 0.1103515625
10 0.775390625 0.6875 0.064453125 0.115234375