12 0.61328125 0.1474609375 0.11328125 0.171875
6 0.8271484375 0.0986328125 0.11328125 0.1640625
2 0.7333984375 0.2783203125 0.140625 0.24609375
5 0.66796875 0.6435546875 0.12109375 0.2109375
4 0.7724609375 0.7001953125 0.078125 0.126953125
4 0.6396484375 0.3974609375 0.087890625 0.13671875
4 0.5771484375 0.650390625 0.080078125 0.123046875
6 0.2607421875 0.48828125 0.10546875 0.169921875
8 0.3876953125 0.6103515625 0.130859375 0.228515625
12 0.232421875 0.8193359375 0.10546875 0.15234375
10 0.4853515625 0.66796875 0.08203125 0.130859375
10 0.4453125 0.8505859375 0.078125 0.12890625
10 0.3720703125 0.9560546875 0.080078125 0.087890625
10 0.2177734375 0.3515625 0.091796875 0.1328125