12 0.3857421875 0.19921875 0.083984375 0.1640625
6 0.154296875 0.1982421875 0.08984375 0.16015625
2 0.298828125 0.361328125 0.1015625 0.244140625
5 0.4580078125 0.7216796875 0.0859375 0.20703125
4 0.3623046875 0.8046875 0.060546875 0.125
4 0.421875 0.462890625 0.068359375 0.134765625
4 0.5537109375 0.70703125 0.060546875 0.123046875
6 0.83203125 0.4677734375 0.078125 0.1640625
8 0.734375 0.62109375 0.08984375 0.224609375
12 0.947265625 0.8017578125 0.08203125 0.146484375
10 0.6484375 0.7041015625 0.060546875 0.130859375
10 0.7373046875 0.8828125 0.05859375 0.126953125
10 0.841796875 0.9638671875 0.05859375 0.0625
10 0.8427734375 0.3173828125 0.07421875 0.126953125