12 0.6357421875 0.19921875 0.10546875 0.169921875
6 0.8525390625 0.162109375 0.107421875 0.162109375
2 0.7490234375 0.337890625 0.130859375 0.244140625
5 0.6640625 0.701171875 0.11328125 0.208984375
4 0.7666015625 0.763671875 0.072265625 0.126953125
4 0.6484375 0.4521484375 0.08203125 0.134765625
4 0.572265625 0.703125 0.07421875 0.12109375
6 0.263671875 0.5224609375 0.09765625 0.169921875
8 0.3837890625 0.65234375 0.12109375 0.228515625
12 0.2177734375 0.8544921875 0.099609375 0.15234375
10 0.48046875 0.7158203125 0.076171875 0.12890625
10 0.4296875 0.896484375 0.072265625 0.12890625
10 0.3466796875 0.9775390625 0.068359375 0.044921875
10 0.228515625 0.3837890625 0.0859375 0.130859375