12 0.591796875 0.150390625 0.111328125 0.169921875
6 0.8076171875 0.0947265625 0.115234375 0.166015625
2 0.7099609375 0.2802734375 0.14453125 0.248046875
5 0.6455078125 0.65234375 0.12109375 0.208984375
4 0.751953125 0.70703125 0.080078125 0.12890625
4 0.619140625 0.4033203125 0.091796875 0.140625
4 0.5537109375 0.6611328125 0.080078125 0.125
6 0.23828125 0.5029296875 0.107421875 0.16796875
8 0.3642578125 0.6240234375 0.12890625 0.228515625
12 0.2080078125 0.8408203125 0.10546875 0.15234375
10 0.4638671875 0.6806640625 0.08203125 0.1328125
10 0.4228515625 0.8671875 0.078125 0.12890625
10 0.34765625 0.966796875 0.078125 0.06640625
10 0.193359375 0.3662109375 0.09375 0.1328125