9 0.65234375 0.6494140625 0.080078125 0.142578125
8 0.8359375 0.5458984375 0.099609375 0.2109375
9 0.8173828125 0.3935546875 0.09375 0.15234375
7 0.82421875 0.2724609375 0.0859375 0.158203125
12 0.6005859375 0.1787109375 0.087890625 0.15625
12 0.841796875 0.8779296875 0.0703125 0.126953125
7 0.845703125 0.8095703125 0.08203125 0.150390625
10 0.744140625 0.6220703125 0.072265625 0.107421875
10 0.71484375 0.2783203125 0.068359375 0.119140625
10 0.751953125 0.8115234375 0.05859375 0.107421875
10 0.7294921875 0.51953125 0.064453125 0.111328125
11 0.7431640625 0.75 0.083984375 0.18359375
10 0.615234375 0.9072265625 0.060546875 0.11328125
10 0.591796875 0.7412109375 0.060546875 0.109375
10 0.5390625 0.4169921875 0.06640625 0.1171875
10 0.490234375 0.181640625 0.0703125 0.119140625
2 0.21484375 0.7294921875 0.1015625 0.212890625
3 0.1376953125 0.48046875 0.095703125 0.150390625
6 0.072265625 0.234375 0.095703125 0.154296875
6 0.28515625 0.9423828125 0.0703125 0.115234375
1 0.369140625 0.93359375 0.0703125 0.1328125
1 0.6171875 0.4248046875 0.08203125 0.1484375
4 0.6298828125 0.5234375 0.0625 0.109375
4 0.4345703125 0.8369140625 0.05859375 0.111328125
4 0.5205078125 0.916015625 0.05859375 0.107421875
4 0.4892578125 0.7353515625 0.060546875 0.111328125
4 0.404296875 0.3212890625 0.064453125 0.12109375
4 0.1806640625 0.2197265625 0.068359375 0.119140625
5 0.2705078125 0.60546875 0.09765625 0.193359375
3 0.380859375 0.666015625 0.083984375 0.15625
4 0.3037109375 0.6748046875 0.06640625 0.1171875
4 0.3642578125 0.455078125 0.068359375 0.119140625