9 0.6591796875 0.3388671875 0.07421875 0.142578125
8 0.8515625 0.43359375 0.091796875 0.212890625
9 0.83984375 0.58984375 0.087890625 0.15234375
7 0.8544921875 0.712890625 0.080078125 0.158203125
12 0.6328125 0.818359375 0.08203125 0.15625
12 0.83984375 0.0966796875 0.064453125 0.126953125
7 0.84765625 0.166015625 0.076171875 0.150390625
10 0.75390625 0.361328125 0.068359375 0.107421875
10 0.7431640625 0.7109375 0.064453125 0.119140625
10 0.751953125 0.1689453125 0.052734375 0.109375
10 0.7451171875 0.46484375 0.060546875 0.111328125
11 0.74609375 0.232421875 0.076171875 0.18359375
10 0.607421875 0.080078125 0.056640625 0.11328125
10 0.5927734375 0.248046875 0.056640625 0.109375
10 0.556640625 0.5810546875 0.060546875 0.1171875
10 0.51953125 0.8212890625 0.06640625 0.119140625
2 0.2109375 0.28125 0.09375 0.212890625
3 0.146484375 0.537109375 0.08984375 0.1484375
6 0.0927734375 0.791015625 0.08984375 0.154296875
6 0.2705078125 0.05859375 0.064453125 0.1171875
1 0.357421875 0.0654296875 0.0625 0.130859375
1 0.6357421875 0.568359375 0.076171875 0.1484375
4 0.6435546875 0.4677734375 0.05859375 0.109375
4 0.4287109375 0.1611328125 0.052734375 0.111328125
4 0.51171875 0.0751953125 0.052734375 0.109375
4 0.4892578125 0.2607421875 0.056640625 0.111328125
4 0.42578125 0.6845703125 0.060546875 0.12109375
4 0.2041015625 0.7998046875 0.064453125 0.119140625
5 0.275390625 0.4033203125 0.08984375 0.193359375
3 0.3828125 0.3359375 0.076171875 0.15625
4 0.3056640625 0.33203125 0.060546875 0.1171875
4 0.3779296875 0.5517578125 0.064453125 0.119140625