9 0.349609375 0.3271484375 0.060546875 0.1298828125
8 0.1630859375 0.40234375 0.072265625 0.1943359375
9 0.1630859375 0.548828125 0.072265625 0.13671875
7 0.142578125 0.6630859375 0.064453125 0.14453125
12 0.34375 0.77734375 0.0673828125 0.1416015625
12 0.197265625 0.0888671875 0.052734375 0.115234375
7 0.185546875 0.15234375 0.0625 0.13671875
10 0.259765625 0.341796875 0.0576171875 0.095703125
10 0.248046875 0.669921875 0.052734375 0.1083984375
10 0.2744140625 0.162109375 0.04296875 0.0986328125
10 0.2607421875 0.439453125 0.05078125 0.1005859375
11 0.275390625 0.220703125 0.060546875 0.16796875
10 0.4150390625 0.087890625 0.0458984375 0.103515625
10 0.4169921875 0.24609375 0.0458984375 0.0986328125
10 0.4287109375 0.560546875 0.05078125 0.10546875
10 0.4482421875 0.787109375 0.0556640625 0.1083984375
2 0.7724609375 0.3017578125 0.07421875 0.1943359375
3 0.81640625 0.5458984375 0.07421875 0.134765625
6 0.849609375 0.7861328125 0.07421875 0.1396484375
6 0.73046875 0.0849609375 0.052734375 0.1181640625
1 0.650390625 0.0830078125 0.05078125 0.13671875
1 0.35546875 0.54296875 0.0625 0.134765625
4 0.35546875 0.4482421875 0.0478515625 0.0986328125
4 0.5771484375 0.17578125 0.04296875 0.1005859375
4 0.5048828125 0.08984375 0.04296875 0.0986328125
4 0.513671875 0.2646484375 0.0458984375 0.1005859375
4 0.5458984375 0.666015625 0.0478515625 0.1103515625
4 0.7451171875 0.787109375 0.052734375 0.1083984375
5 0.7041015625 0.412109375 0.072265625 0.17578125
3 0.6083984375 0.3427734375 0.0625 0.1416015625
4 0.681640625 0.34375 0.05078125 0.10546875
4 0.5986328125 0.544921875 0.052734375 0.1083984375