6 0.357421875 0.93359375 0.0703125 0.1328125
6 0.03125 0.1640625 0.0625 0.16796875
2 0.099609375 0.59375 0.103515625 0.23828125
5 0.330078125 0.6796875 0.08984375 0.20703125
4 0.2607421875 0.8564453125 0.060546875 0.123046875
4 0.2421875 0.7587890625 0.060546875 0.130859375
4 0.205078125 0.5546875 0.068359375 0.1328125
4 0.2880859375 0.4287109375 0.06640625 0.130859375
4 0.42578125 0.6630859375 0.068359375 0.130859375
4 0.4384765625 0.9404296875 0.060546875 0.119140625
3 0.34765625 0.865234375 0.06640625 0.162109375
3 0.5126953125 0.5517578125 0.08984375 0.16796875
11 0.609375 0.6650390625 0.095703125 0.203125
12 0.8056640625 0.9345703125 0.076171875 0.123046875
12 0.7060546875 0.1298828125 0.091796875 0.1640625
8 0.833984375 0.578125 0.107421875 0.232421875
7 0.8408203125 0.4296875 0.09765625 0.16796875
9 0.6083984375 0.783203125 0.078125 0.162109375
9 0.8212890625 0.2900390625 0.1015625 0.171875
10 0.5205078125 0.6640625 0.068359375 0.125
10 0.712890625 0.939453125 0.060546875 0.115234375
10 0.7021484375 0.7548828125 0.06640625 0.130859375
10 0.705078125 0.2841796875 0.078125 0.146484375
10 0.482421875 0.150390625 0.078125 0.14453125