6 0.39453125 0.072265625 0.0625 0.1298828125
6 0.09375 0.78515625 0.0869140625 0.1513671875
2 0.1630859375 0.3916015625 0.091796875 0.216796875
5 0.3740234375 0.310546875 0.0791015625 0.1875
4 0.3076171875 0.1494140625 0.052734375 0.1103515625
4 0.291015625 0.2392578125 0.052734375 0.1181640625
4 0.2607421875 0.42578125 0.060546875 0.1201171875
4 0.3388671875 0.5400390625 0.0576171875 0.1181640625
4 0.4599609375 0.3232421875 0.060546875 0.1181640625
4 0.46875 0.0673828125 0.052734375 0.1103515625
3 0.38671875 0.140625 0.0576171875 0.146484375
3 0.5419921875 0.423828125 0.0791015625 0.1513671875
11 0.62890625 0.318359375 0.083984375 0.185546875
12 0.802734375 0.0693359375 0.0673828125 0.1103515625
12 0.7255859375 0.8056640625 0.08203125 0.1494140625
8 0.8349609375 0.39453125 0.09375 0.2119140625
7 0.84375 0.5302734375 0.0869140625 0.1513671875
9 0.6259765625 0.2099609375 0.0693359375 0.146484375
9 0.828125 0.6572265625 0.0888671875 0.15625
10 0.546875 0.3212890625 0.060546875 0.11328125
10 0.71875 0.064453125 0.052734375 0.10546875
10 0.7119140625 0.234375 0.0576171875 0.1181640625
10 0.72265625 0.6650390625 0.0693359375 0.1318359375
10 0.5205078125 0.791015625 0.0693359375 0.1298828125