6 0.6865234375 0.0869140625 0.0859375 0.125
6 0.83984375 0.8642578125 0.12109375 0.171875
2 0.853515625 0.4501953125 0.138671875 0.23828125
5 0.658203125 0.3232421875 0.12109375 0.20703125
4 0.759765625 0.173828125 0.078125 0.123046875
4 0.7578125 0.2685546875 0.078125 0.130859375
4 0.748046875 0.4638671875 0.087890625 0.134765625
4 0.64453125 0.5625 0.083984375 0.130859375
4 0.5673828125 0.3173828125 0.0859375 0.1328125
4 0.6123046875 0.0634765625 0.07421875 0.109375
3 0.681640625 0.1484375 0.08984375 0.16015625
3 0.4638671875 0.40234375 0.11328125 0.169921875
11 0.3984375 0.275390625 0.125 0.205078125
12 0.2734375 0.0244140625 0.08984375 0.048828125
12 0.1953125 0.748046875 0.115234375 0.16796875
8 0.1728515625 0.30859375 0.140625 0.234375
7 0.1357421875 0.4443359375 0.12109375 0.171875
9 0.4248046875 0.16796875 0.1015625 0.162109375
9 0.1240234375 0.5771484375 0.123046875 0.177734375
10 0.4814453125 0.2958984375 0.0859375 0.126953125
10 0.3603515625 0.029296875 0.072265625 0.05859375
10 0.3330078125 0.1728515625 0.083984375 0.130859375
10 0.2294921875 0.6064453125 0.099609375 0.1484375
10 0.4072265625 0.77734375 0.099609375 0.146484375