6 0.8427734375 0.7548828125 0.119140625 0.173828125
2 0.873046875 0.3291015625 0.138671875 0.24609375
5 0.6728515625 0.2001953125 0.123046875 0.212890625
4 0.77734375 0.0751953125 0.064453125 0.0703125
4 0.77734375 0.1435546875 0.078125 0.134765625
4 0.76171875 0.3447265625 0.087890625 0.140625
4 0.6474609375 0.4482421875 0.083984375 0.134765625
4 0.578125 0.197265625 0.087890625 0.13671875
3 0.6953125 0.064453125 0.07421875 0.080078125
3 0.4638671875 0.28515625 0.11328125 0.17578125
11 0.400390625 0.158203125 0.123046875 0.212890625
12 0.171875 0.646484375 0.115234375 0.173828125
8 0.1630859375 0.1943359375 0.13671875 0.244140625
7 0.119140625 0.333984375 0.1171875 0.173828125
9 0.4306640625 0.0654296875 0.099609375 0.130859375
9 0.1005859375 0.470703125 0.125 0.185546875
10 0.486328125 0.1767578125 0.08203125 0.134765625
10 0.33203125 0.060546875 0.08203125 0.12109375
10 0.2119140625 0.5 0.095703125 0.15234375
10 0.3916015625 0.673828125 0.09765625 0.1484375