6 0.3740234375 0.013671875 0.064453125 0.02734375
6 0.0615234375 0.7158203125 0.08984375 0.16015625
2 0.130859375 0.2978515625 0.09765625 0.23046875
5 0.3564453125 0.2138671875 0.0859375 0.19921875
4 0.2822265625 0.0498046875 0.052734375 0.099609375
4 0.2666015625 0.1376953125 0.05859375 0.123046875
4 0.2373046875 0.3349609375 0.064453125 0.12890625
4 0.322265625 0.45703125 0.060546875 0.125
4 0.447265625 0.2265625 0.064453125 0.125
3 0.3681640625 0.0546875 0.060546875 0.109375
3 0.5361328125 0.3349609375 0.0859375 0.162109375
11 0.626953125 0.22265625 0.0859375 0.197265625
12 0.734375 0.7392578125 0.08203125 0.15625
8 0.84765625 0.302734375 0.09765625 0.2265625
7 0.8583984375 0.4453125 0.08984375 0.16015625
9 0.623046875 0.1064453125 0.07421875 0.15625
9 0.8408203125 0.5830078125 0.09375 0.16796875
10 0.5400390625 0.224609375 0.060546875 0.12109375
10 0.7158203125 0.130859375 0.060546875 0.126953125
10 0.7275390625 0.58984375 0.072265625 0.140625
10 0.5166015625 0.7236328125 0.07421875 0.138671875