6 0.4326171875 0.0166015625 0.06640625 0.033203125
6 0.1708984375 0.7138671875 0.091796875 0.158203125
2 0.2119140625 0.30078125 0.09765625 0.228515625
5 0.427734375 0.2109375 0.0859375 0.197265625
4 0.3466796875 0.0537109375 0.052734375 0.1015625
4 0.3369140625 0.1396484375 0.056640625 0.123046875
4 0.3173828125 0.3349609375 0.064453125 0.12890625
4 0.4091796875 0.4541015625 0.0625 0.123046875
4 0.5185546875 0.2255859375 0.064453125 0.123046875
3 0.4287109375 0.0556640625 0.060546875 0.111328125
3 0.61328125 0.3271484375 0.083984375 0.16015625
11 0.6953125 0.2158203125 0.0859375 0.197265625
12 0.861328125 0.005859375 0.06640625 0.01171875
12 0.83203125 0.7236328125 0.0859375 0.158203125
8 0.9169921875 0.29296875 0.09375 0.224609375
7 0.935546875 0.4326171875 0.087890625 0.158203125
9 0.6845703125 0.103515625 0.072265625 0.158203125
9 0.9296875 0.5673828125 0.09375 0.16796875
10 0.609375 0.220703125 0.060546875 0.123046875
10 0.77734375 0.1279296875 0.060546875 0.126953125
10 0.818359375 0.576171875 0.0703125 0.138671875
10 0.6171875 0.712890625 0.072265625 0.134765625