6 0.576171875 0.044921875 0.060546875 0.0888671875
6 0.8291015625 0.7138671875 0.08203125 0.14453125
2 0.783203125 0.3330078125 0.0869140625 0.208984375
5 0.583984375 0.25390625 0.0771484375 0.1806640625
4 0.65625 0.1005859375 0.0478515625 0.10546875
4 0.6669921875 0.1865234375 0.05078125 0.11328125
4 0.6875 0.3662109375 0.0576171875 0.1181640625
4 0.6044921875 0.4775390625 0.0556640625 0.11328125
4 0.5 0.267578125 0.0576171875 0.11328125
4 0.505859375 0.037109375 0.05078125 0.07421875
3 0.580078125 0.091796875 0.0556640625 0.1396484375
3 0.4150390625 0.3642578125 0.07421875 0.146484375
11 0.3369140625 0.263671875 0.0771484375 0.1806640625
12 0.1796875 0.0380859375 0.0625 0.076171875
12 0.21875 0.7333984375 0.0771484375 0.14453125
8 0.1337890625 0.3369140625 0.083984375 0.20703125
7 0.119140625 0.466796875 0.0791015625 0.14453125
9 0.3447265625 0.158203125 0.064453125 0.14453125
9 0.1259765625 0.591796875 0.083984375 0.154296875
10 0.416015625 0.265625 0.052734375 0.11328125
10 0.2607421875 0.03515625 0.05078125 0.0693359375
10 0.259765625 0.1826171875 0.052734375 0.115234375
10 0.228515625 0.59765625 0.0625 0.126953125
10 0.4169921875 0.7197265625 0.064453125 0.123046875