6 0.408203125 0.052734375 0.0576171875 0.10546875
6 0.138671875 0.7294921875 0.0791015625 0.1416015625
2 0.193359375 0.353515625 0.083984375 0.20703125
5 0.3955078125 0.2744140625 0.07421875 0.177734375
4 0.328125 0.1201171875 0.0458984375 0.10546875
4 0.3134765625 0.20703125 0.05078125 0.1103515625
4 0.2900390625 0.384765625 0.0556640625 0.115234375
4 0.3681640625 0.4931640625 0.052734375 0.1103515625
4 0.4775390625 0.283203125 0.0556640625 0.1103515625
4 0.4794921875 0.0458984375 0.05078125 0.091796875
3 0.404296875 0.1103515625 0.052734375 0.1396484375
3 0.55859375 0.3798828125 0.07421875 0.14453125
11 0.638671875 0.27734375 0.07421875 0.17578125
12 0.798828125 0.044921875 0.064453125 0.0888671875
12 0.7431640625 0.740234375 0.072265625 0.1396484375
8 0.837890625 0.345703125 0.083984375 0.2021484375
7 0.849609375 0.474609375 0.0791015625 0.1416015625
9 0.6337890625 0.1728515625 0.064453125 0.1396484375
9 0.8369140625 0.5986328125 0.08203125 0.1494140625
10 0.560546875 0.2802734375 0.052734375 0.1083984375
10 0.720703125 0.0419921875 0.0478515625 0.083984375
10 0.716796875 0.193359375 0.052734375 0.11328125
10 0.7353515625 0.60546875 0.0625 0.125
10 0.546875 0.7294921875 0.064453125 0.123046875