6 0.392578125 0.056640625 0.0625 0.111328125
6 0.1181640625 0.7783203125 0.0859375 0.15234375
2 0.169921875 0.3779296875 0.091796875 0.220703125
5 0.3828125 0.2900390625 0.08203125 0.189453125
4 0.30859375 0.1279296875 0.05078125 0.11328125
4 0.294921875 0.220703125 0.056640625 0.1171875
4 0.2724609375 0.4091796875 0.060546875 0.123046875
4 0.357421875 0.5234375 0.05859375 0.1171875
4 0.4697265625 0.2998046875 0.060546875 0.119140625
4 0.466796875 0.0478515625 0.056640625 0.09375
3 0.388671875 0.1171875 0.05859375 0.1484375
3 0.5576171875 0.3994140625 0.08203125 0.154296875
11 0.640625 0.2890625 0.08203125 0.1875
12 0.806640625 0.04296875 0.0703125 0.0859375
12 0.759765625 0.7783203125 0.078125 0.150390625
8 0.853515625 0.359375 0.091796875 0.21484375
7 0.8681640625 0.494140625 0.0859375 0.15234375
9 0.6328125 0.1787109375 0.072265625 0.150390625
9 0.8564453125 0.626953125 0.08984375 0.16015625
10 0.5576171875 0.2939453125 0.05859375 0.115234375
10 0.7236328125 0.041015625 0.052734375 0.08203125
10 0.7216796875 0.19921875 0.05859375 0.12109375
10 0.7490234375 0.63671875 0.068359375 0.134765625
10 0.5517578125 0.7705078125 0.072265625 0.130859375