7 0.5517578125 0.59375 0.08984375 0.16796875
8 0.8583984375 0.6962890625 0.109375 0.236328125
11 0.68359375 0.8837890625 0.083984375 0.193359375
12 0.6005859375 0.880859375 0.078125 0.14453125
10 0.7587890625 0.8525390625 0.068359375 0.125
10 0.751953125 0.6728515625 0.078125 0.13671875
10 0.6630859375 0.689453125 0.0703125 0.12890625
10 0.6259765625 0.4453125 0.07421875 0.138671875
9 0.515625 0.3642578125 0.091796875 0.171875
3 0.73828125 0.3486328125 0.095703125 0.171875
2 0.2177734375 0.76953125 0.111328125 0.21875
6 0.4501953125 0.9501953125 0.076171875 0.099609375
1 0.5029296875 0.8095703125 0.07421875 0.166015625
4 0.3037109375 0.7109375 0.06640625 0.123046875
4 0.3623046875 0.498046875 0.0703125 0.125
4 0.416015625 0.3564453125 0.072265625 0.138671875