7 0.4443359375 0.57421875 0.091796875 0.1640625
8 0.1826171875 0.740234375 0.11328125 0.228515625
11 0.3896484375 0.8740234375 0.0859375 0.185546875
12 0.466796875 0.8525390625 0.080078125 0.140625
10 0.3125 0.86328125 0.0703125 0.123046875
10 0.27734375 0.6943359375 0.078125 0.1328125
10 0.3642578125 0.6884765625 0.072265625 0.125
10 0.341796875 0.4521484375 0.076171875 0.134765625
9 0.42578125 0.3515625 0.091796875 0.166015625
3 0.2138671875 0.388671875 0.09765625 0.166015625
2 0.7978515625 0.6591796875 0.11328125 0.212890625
6 0.626953125 0.9052734375 0.08203125 0.140625
1 0.541015625 0.7646484375 0.078125 0.162109375
4 0.703125 0.625 0.06640625 0.119140625
4 0.599609375 0.439453125 0.072265625 0.123046875
4 0.5166015625 0.3212890625 0.07421875 0.134765625