7 0.44140625 0.431640625 0.0693359375 0.1513671875
8 0.166015625 0.306640625 0.08203125 0.2138671875
11 0.34765625 0.1474609375 0.060546875 0.17578125
12 0.423828125 0.158203125 0.060546875 0.1298828125
10 0.2744140625 0.169921875 0.052734375 0.11328125
10 0.263671875 0.337890625 0.060546875 0.123046875
10 0.34765625 0.33203125 0.0556640625 0.115234375
10 0.3583984375 0.5625 0.0576171875 0.125
9 0.453125 0.6494140625 0.0693359375 0.154296875
3 0.244140625 0.6416015625 0.07421875 0.154296875
2 0.7705078125 0.30078125 0.083984375 0.197265625
6 0.572265625 0.0869140625 0.0625 0.1298828125
1 0.5087890625 0.234375 0.0556640625 0.1513671875
4 0.68359375 0.345703125 0.05078125 0.1103515625
4 0.609375 0.5400390625 0.0556640625 0.11328125
4 0.544921875 0.666015625 0.0556640625 0.125