2 0.228515625 0.31640625 0.0869140625 0.19921875
6 0.732421875 0.087890625 0.060546875 0.123046875
8 0.83984375 0.3271484375 0.083984375 0.2119140625
12 0.5673828125 0.3544921875 0.052734375 0.126953125
7 0.564453125 0.447265625 0.0625 0.14453125
10 0.654296875 0.578125 0.0576171875 0.11328125
10 0.73046875 0.1865234375 0.052734375 0.11328125
10 0.74609375 0.357421875 0.0556640625 0.11328125
4 0.66015625 0.458984375 0.0556640625 0.1103515625
4 0.4150390625 0.3505859375 0.0458984375 0.1103515625
4 0.4677734375 0.677734375 0.0556640625 0.1201171875