2 0.8037109375 0.6572265625 0.107421875 0.22265625
6 0.267578125 0.94921875 0.0703125 0.1015625
8 0.1435546875 0.716796875 0.10546875 0.234375
12 0.4345703125 0.65625 0.06640625 0.142578125
7 0.4345703125 0.5556640625 0.080078125 0.16015625
10 0.3310546875 0.423828125 0.0703125 0.126953125
10 0.2666015625 0.8583984375 0.06640625 0.123046875
10 0.2431640625 0.673828125 0.068359375 0.125
4 0.3291015625 0.5537109375 0.068359375 0.123046875
4 0.599609375 0.6396484375 0.05859375 0.123046875
4 0.52734375 0.2939453125 0.068359375 0.1328125