2 0.7919921875 0.3330078125 0.0888671875 0.208984375
6 0.255859375 0.0712890625 0.060546875 0.126953125
8 0.1513671875 0.3193359375 0.0869140625 0.220703125
12 0.4365234375 0.3583984375 0.0556640625 0.134765625
7 0.4423828125 0.455078125 0.0673828125 0.1513671875
10 0.3525390625 0.58984375 0.060546875 0.1181640625
10 0.2607421875 0.17578125 0.0556640625 0.115234375
10 0.25 0.3544921875 0.0576171875 0.1181640625
4 0.341796875 0.4638671875 0.0576171875 0.115234375
4 0.595703125 0.36328125 0.0478515625 0.115234375
4 0.55078125 0.7021484375 0.0576171875 0.125