2 0.8251953125 0.365234375 0.1171875 0.220703125
6 0.328125 0.064453125 0.078125 0.12890625
8 0.18359375 0.2978515625 0.115234375 0.232421875
12 0.4658203125 0.3623046875 0.072265625 0.140625
7 0.45703125 0.458984375 0.083984375 0.16015625
10 0.345703125 0.583984375 0.07421875 0.125
10 0.3154296875 0.1640625 0.0703125 0.125
10 0.27734375 0.3408203125 0.072265625 0.125
4 0.35546875 0.4599609375 0.072265625 0.123046875
4 0.6259765625 0.3779296875 0.0625 0.123046875
4 0.529296875 0.712890625 0.07421875 0.1328125