2 0.2353515625 0.3203125 0.134765625 0.24609375
6 0.8740234375 0.125 0.087890625 0.150390625
8 0.939453125 0.4169921875 0.12109375 0.259765625
12 0.6240234375 0.4111328125 0.083984375 0.158203125
7 0.6015625 0.5166015625 0.1015625 0.177734375
10 0.6767578125 0.6826171875 0.087890625 0.140625
10 0.849609375 0.240234375 0.080078125 0.13671875
10 0.8310546875 0.439453125 0.083984375 0.140625
4 0.7109375 0.5439453125 0.083984375 0.13671875
4 0.4462890625 0.3876953125 0.072265625 0.134765625
4 0.4384765625 0.771484375 0.0859375 0.1484375