2 0.7919921875 0.3173828125 0.107421875 0.220703125
6 0.2685546875 0.0517578125 0.072265625 0.103515625
8 0.13671875 0.283203125 0.10546875 0.232421875
12 0.4267578125 0.3330078125 0.06640625 0.140625
7 0.4228515625 0.4326171875 0.078125 0.158203125
10 0.3173828125 0.5654296875 0.0703125 0.125
10 0.263671875 0.140625 0.064453125 0.125
10 0.234375 0.3232421875 0.068359375 0.125
4 0.3193359375 0.4384765625 0.068359375 0.12109375
4 0.58984375 0.3408203125 0.056640625 0.12109375
4 0.5087890625 0.6865234375 0.068359375 0.1328125