5 0.4052734375 0.29296875 0.07421875 0.1728515625
2 0.21484375 0.3681640625 0.0888671875 0.2021484375
6 0.166015625 0.7236328125 0.0771484375 0.154296875
6 0.416015625 0.056640625 0.052734375 0.11328125
3 0.4111328125 0.1298828125 0.0625 0.1298828125
3 0.560546875 0.3857421875 0.0673828125 0.1416015625
4 0.3349609375 0.1416015625 0.0458984375 0.1005859375
4 0.32421875 0.2255859375 0.0478515625 0.10546875
4 0.302734375 0.3974609375 0.052734375 0.1181640625
4 0.376953125 0.4990234375 0.0576171875 0.11328125
4 0.4853515625 0.2958984375 0.052734375 0.10546875
4 0.4794921875 0.0615234375 0.05078125 0.1083984375
11 0.640625 0.287109375 0.07421875 0.1708984375
7 0.7431640625 0.37109375 0.0673828125 0.1513671875
12 0.63671875 0.1826171875 0.0625 0.1396484375
12 0.8388671875 0.591796875 0.0771484375 0.154296875
8 0.833984375 0.3583984375 0.08203125 0.20703125
12 0.7958984375 0.05078125 0.0673828125 0.1005859375
12 0.751953125 0.7333984375 0.0771484375 0.14453125
10 0.7177734375 0.05078125 0.05078125 0.1005859375
10 0.740234375 0.60546875 0.0576171875 0.115234375
10 0.712890625 0.2099609375 0.0556640625 0.11328125
10 0.5673828125 0.294921875 0.052734375 0.1083984375
10 0.5576171875 0.7294921875 0.0576171875 0.123046875