5 0.5595703125 0.76953125 0.111328125 0.203125
2 0.7802734375 0.720703125 0.1328125 0.236328125
6 0.896484375 0.337890625 0.111328125 0.181640625
6 0.5107421875 0.98046875 0.064453125 0.0390625
3 0.5244140625 0.935546875 0.087890625 0.12890625
3 0.404296875 0.6396484375 0.099609375 0.16796875
4 0.6083984375 0.943359375 0.068359375 0.11328125
4 0.634765625 0.857421875 0.072265625 0.125
4 0.689453125 0.671875 0.078125 0.138671875
4 0.625 0.548828125 0.083984375 0.134765625
4 0.470703125 0.7529296875 0.076171875 0.125
4 0.443359375 0.9736328125 0.0625 0.052734375
11 0.298828125 0.7353515625 0.111328125 0.19921875
7 0.201171875 0.625 0.099609375 0.177734375
12 0.2841796875 0.8505859375 0.091796875 0.1640625
12 0.1337890625 0.3662109375 0.111328125 0.181640625
8 0.0986328125 0.623046875 0.125 0.240234375
12 0.09375 0.9267578125 0.078125 0.041015625
12 0.25390625 0.2255859375 0.109375 0.171875
10 0.1796875 0.9404296875 0.05859375 0.037109375
10 0.2451171875 0.3671875 0.083984375 0.13671875
10 0.2060546875 0.806640625 0.080078125 0.134765625
10 0.380859375 0.7392578125 0.076171875 0.126953125
10 0.466796875 0.263671875 0.0859375 0.14453125