5 0.6298828125 0.2958984375 0.08203125 0.1826171875
2 0.833984375 0.3759765625 0.095703125 0.2138671875
6 0.8955078125 0.755859375 0.083984375 0.166015625
6 0.61328125 0.056640625 0.0576171875 0.09375
3 0.62109375 0.12109375 0.0693359375 0.13671875
3 0.46875 0.392578125 0.072265625 0.1513671875
4 0.7021484375 0.134765625 0.052734375 0.1103515625
4 0.71484375 0.2236328125 0.05078125 0.115234375
4 0.7412109375 0.4072265625 0.0556640625 0.126953125
4 0.666015625 0.5146484375 0.0625 0.1201171875
4 0.544921875 0.296875 0.0556640625 0.11328125
4 0.5458984375 0.0576171875 0.052734375 0.095703125
11 0.3798828125 0.2880859375 0.08203125 0.1826171875
7 0.271484375 0.376953125 0.072265625 0.1630859375
12 0.3818359375 0.1767578125 0.0673828125 0.146484375
12 0.1767578125 0.611328125 0.083984375 0.166015625
8 0.173828125 0.36328125 0.0888671875 0.220703125
12 0.208984375 0.0458984375 0.072265625 0.0869140625
12 0.2705078125 0.76171875 0.083984375 0.154296875
10 0.2919921875 0.046875 0.0556640625 0.083984375
10 0.28125 0.626953125 0.0625 0.125
10 0.30078125 0.205078125 0.0625 0.123046875
10 0.458984375 0.2958984375 0.0576171875 0.115234375
10 0.478515625 0.7607421875 0.0625 0.1318359375