5 0.6015625 0.255859375 0.1171875 0.203125
2 0.826171875 0.3017578125 0.13671875 0.236328125
6 0.94921875 0.6787109375 0.1015625 0.185546875
6 0.5419921875 0.033203125 0.072265625 0.06640625
3 0.5615234375 0.0791015625 0.095703125 0.15234375
3 0.4541015625 0.384765625 0.1015625 0.16796875
4 0.646484375 0.078125 0.07421875 0.123046875
4 0.67578125 0.166015625 0.072265625 0.126953125
4 0.736328125 0.3505859375 0.080078125 0.140625
4 0.677734375 0.4736328125 0.0859375 0.134765625
4 0.5146484375 0.2724609375 0.076171875 0.125
4 0.4736328125 0.0400390625 0.068359375 0.080078125
11 0.3447265625 0.29296875 0.1171875 0.203125
7 0.2490234375 0.404296875 0.103515625 0.1796875
12 0.326171875 0.1787109375 0.095703125 0.162109375
12 0.1943359375 0.662109375 0.1171875 0.185546875
8 0.1474609375 0.4072265625 0.130859375 0.2421875
12 0.1279296875 0.08984375 0.083984375 0.07421875
12 0.3173828125 0.798828125 0.115234375 0.173828125
10 0.212890625 0.07421875 0.068359375 0.072265625
10 0.3046875 0.658203125 0.087890625 0.138671875
10 0.248046875 0.2236328125 0.0859375 0.13671875
10 0.4267578125 0.287109375 0.080078125 0.12890625
10 0.53125 0.7607421875 0.087890625 0.146484375