5 0.3603515625 0.3125 0.099609375 0.193359375
2 0.1591796875 0.412109375 0.1171875 0.2265625
6 0.1298828125 0.8056640625 0.099609375 0.177734375
6 0.3564453125 0.06640625 0.068359375 0.099609375
3 0.353515625 0.1337890625 0.083984375 0.146484375
3 0.533203125 0.3974609375 0.087890625 0.162109375
4 0.271484375 0.154296875 0.0625 0.1171875
4 0.265625 0.24609375 0.0625 0.123046875
4 0.255859375 0.4365234375 0.068359375 0.134765625
4 0.3427734375 0.5380859375 0.07421875 0.12890625
4 0.4462890625 0.3056640625 0.06640625 0.12109375
4 0.4248046875 0.0615234375 0.0625 0.103515625
11 0.6142578125 0.2822265625 0.099609375 0.193359375
7 0.7333984375 0.36328125 0.087890625 0.173828125
12 0.6025390625 0.1689453125 0.08203125 0.15625
12 0.8505859375 0.59375 0.099609375 0.177734375
8 0.8310546875 0.33984375 0.109375 0.234375
12 0.767578125 0.0322265625 0.08203125 0.064453125
12 0.7685546875 0.755859375 0.099609375 0.1640625
10 0.6826171875 0.0361328125 0.064453125 0.072265625
10 0.74609375 0.6201171875 0.076171875 0.1328125
10 0.6875 0.1904296875 0.07421875 0.130859375
10 0.5341796875 0.296875 0.0703125 0.123046875
10 0.556640625 0.7734375 0.076171875 0.140625