5 0.4736328125 0.7197265625 0.12109375 0.205078125
2 0.25 0.681640625 0.142578125 0.240234375
6 0.1142578125 0.3056640625 0.119140625 0.185546875
6 0.5361328125 0.9521484375 0.076171875 0.095703125
3 0.5185546875 0.8955078125 0.09765625 0.15625
3 0.62109375 0.58203125 0.10546875 0.169921875
4 0.43359375 0.8994140625 0.072265625 0.12109375
4 0.40234375 0.810546875 0.076171875 0.125
4 0.3388671875 0.6279296875 0.083984375 0.140625
4 0.396484375 0.5009765625 0.08984375 0.13671875
4 0.560546875 0.697265625 0.08203125 0.126953125
4 0.60546875 0.9404296875 0.07421875 0.103515625
11 0.7314453125 0.669921875 0.12109375 0.203125
7 0.8232421875 0.5556640625 0.109375 0.1796875
12 0.751953125 0.7861328125 0.099609375 0.166015625
12 0.8779296875 0.2939453125 0.119140625 0.185546875
8 0.92578125 0.548828125 0.13671875 0.244140625
12 0.951171875 0.875 0.08984375 0.091796875
12 0.75 0.16015625 0.1171875 0.173828125
10 0.8662109375 0.8935546875 0.0703125 0.087890625
10 0.7666015625 0.3017578125 0.08984375 0.138671875
10 0.828125 0.7373046875 0.0859375 0.13671875
10 0.650390625 0.6796875 0.08203125 0.12890625
10 0.5390625 0.208984375 0.091796875 0.146484375