5 0.6005859375 0.2900390625 0.072265625 0.1806640625
2 0.810546875 0.486328125 0.0869140625 0.208984375
6 0.8388671875 0.740234375 0.08203125 0.1494140625
4 0.69921875 0.4072265625 0.052734375 0.11328125
4 0.6787109375 0.2255859375 0.0556640625 0.1005859375
4 0.66796875 0.140625 0.0478515625 0.103515625
4 0.5244140625 0.0615234375 0.0478515625 0.0986328125
4 0.5166015625 0.30078125 0.052734375 0.115234375
4 0.625 0.505859375 0.0625 0.123046875
3 0.439453125 0.3916015625 0.0673828125 0.1396484375
12 0.20703125 0.052734375 0.0625 0.1005859375
12 0.248046875 0.7451171875 0.0673828125 0.1396484375
8 0.263671875 0.365234375 0.0791015625 0.2021484375
9 0.51171875 0.1318359375 0.0576171875 0.14453125
9 0.158203125 0.6025390625 0.08203125 0.146484375
7 0.4375 0.6044921875 0.0625 0.1416015625
11 0.361328125 0.287109375 0.064453125 0.1806640625
10 0.435546875 0.298828125 0.052734375 0.1083984375
10 0.2861328125 0.0537109375 0.0576171875 0.103515625
10 0.28515625 0.2119140625 0.0556640625 0.1103515625
10 0.2548828125 0.6162109375 0.0625 0.1181640625
10 0.44140625 0.7412109375 0.064453125 0.1181640625