5 0.564453125 0.697265625 0.091796875 0.201171875
2 0.8076171875 0.4990234375 0.111328125 0.234375
6 0.8583984375 0.2255859375 0.099609375 0.16796875
4 0.6806640625 0.5771484375 0.06640625 0.126953125
4 0.6455078125 0.7724609375 0.068359375 0.115234375
4 0.6259765625 0.8642578125 0.060546875 0.115234375
4 0.4638671875 0.9404296875 0.060546875 0.111328125
4 0.474609375 0.6796875 0.06640625 0.12890625
4 0.607421875 0.46484375 0.078125 0.138671875
3 0.3974609375 0.57421875 0.083984375 0.15625
12 0.119140625 0.921875 0.076171875 0.109375
12 0.21484375 0.17578125 0.083984375 0.15625
8 0.2041015625 0.58984375 0.1015625 0.224609375
9 0.4560546875 0.8623046875 0.07421875 0.162109375
9 0.1083984375 0.3251953125 0.099609375 0.166015625
7 0.4111328125 0.3427734375 0.078125 0.158203125
11 0.3056640625 0.6826171875 0.083984375 0.201171875
10 0.384765625 0.673828125 0.06640625 0.12109375
10 0.205078125 0.9267578125 0.0703125 0.111328125
10 0.2158203125 0.7578125 0.068359375 0.125
10 0.212890625 0.3154296875 0.076171875 0.1328125
10 0.42578125 0.1943359375 0.078125 0.1328125