5 0.3681640625 0.720703125 0.10546875 0.19921875
2 0.18359375 0.4814453125 0.125 0.23046875
6 0.1953125 0.21484375 0.109375 0.16796875
4 0.28515625 0.5830078125 0.07421875 0.126953125
4 0.2763671875 0.7744140625 0.07421875 0.11328125
4 0.2734375 0.8642578125 0.06640625 0.115234375
4 0.412109375 0.9560546875 0.060546875 0.080078125
4 0.45703125 0.7236328125 0.07421875 0.12890625
4 0.37890625 0.4921875 0.083984375 0.13671875
3 0.5517578125 0.640625 0.091796875 0.15625
12 0.740234375 0.986328125 0.07421875 0.02734375
12 0.8095703125 0.3056640625 0.091796875 0.15625
8 0.73046875 0.697265625 0.115234375 0.22265625
9 0.43359375 0.8984375 0.083984375 0.158203125
9 0.87890625 0.46875 0.109375 0.166015625
7 0.58984375 0.4208984375 0.087890625 0.158203125
11 0.615234375 0.7626953125 0.09765625 0.197265625
10 0.541015625 0.73828125 0.072265625 0.12109375
10 0.658203125 0.9794921875 0.0703125 0.041015625
10 0.68359375 0.853515625 0.07421875 0.123046875
10 0.7802734375 0.4384765625 0.083984375 0.1328125
10 0.6083984375 0.2783203125 0.087890625 0.1328125