5 0.83984375 0.31640625 0.087890625 0.177734375
2 0.8466796875 0.3994140625 0.099609375 0.216796875
1 0.822265625 0.2216796875 0.0703125 0.14453125
1 0.853515625 0.5439453125 0.076171875 0.15234375
3 0.8076171875 0.1318359375 0.072265625 0.1328125
3 0.8740234375 0.6728515625 0.09375 0.142578125
6 0.8056640625 0.0625 0.060546875 0.095703125
6 0.884765625 0.8203125 0.091796875 0.150390625
4 0.7099609375 0.0537109375 0.052734375 0.087890625
4 0.7138671875 0.134765625 0.05078125 0.111328125
4 0.7236328125 0.2294921875 0.05078125 0.111328125
4 0.7314453125 0.3232421875 0.056640625 0.115234375
4 0.73828125 0.43359375 0.060546875 0.109375
4 0.7490234375 0.5498046875 0.060546875 0.123046875
4 0.7578125 0.6767578125 0.064453125 0.119140625
4 0.767578125 0.8134765625 0.068359375 0.12109375
11 0.166015625 0.2587890625 0.083984375 0.1953125
8 0.1435546875 0.3564453125 0.08984375 0.216796875
7 0.1220703125 0.498046875 0.07421875 0.15625
7 0.173828125 0.1767578125 0.06640625 0.150390625
9 0.1875 0.0888671875 0.068359375 0.138671875
9 0.109375 0.650390625 0.0859375 0.15234375
10 0.21484375 0.7890625 0.0703125 0.12109375
10 0.23046875 0.6494140625 0.080078125 0.12109375
10 0.240234375 0.5322265625 0.06640625 0.115234375
10 0.2578125 0.4169921875 0.064453125 0.1171875
10 0.2646484375 0.30078125 0.06640625 0.115234375
10 0.2783203125 0.2080078125 0.0546875 0.109375
10 0.283203125 0.1083984375 0.056640625 0.103515625
10 0.28515625 0.037109375 0.0546875 0.07421875
12 0.2001953125 0.033203125 0.060546875 0.06640625
12 0.087890625 0.787109375 0.087890625 0.162109375