5 0.16796875 0.3310546875 0.099609375 0.17578125
2 0.1689453125 0.4091796875 0.115234375 0.2109375
1 0.1796875 0.2392578125 0.078125 0.140625
1 0.1708984375 0.548828125 0.0859375 0.1484375
3 0.1845703125 0.1513671875 0.08203125 0.130859375
3 0.162109375 0.6728515625 0.1015625 0.142578125
6 0.181640625 0.0869140625 0.0703125 0.099609375
6 0.16015625 0.8134765625 0.09765625 0.1484375
4 0.271484375 0.0703125 0.05859375 0.08984375
4 0.2734375 0.1474609375 0.0625 0.107421875
4 0.2724609375 0.23828125 0.05859375 0.111328125
4 0.271484375 0.3291015625 0.0625 0.111328125
4 0.2724609375 0.43359375 0.068359375 0.107421875
4 0.271484375 0.5458984375 0.068359375 0.119140625
4 0.271484375 0.6650390625 0.0703125 0.119140625
4 0.2724609375 0.7978515625 0.076171875 0.1171875
11 0.802734375 0.2197265625 0.095703125 0.19140625
8 0.8291015625 0.310546875 0.10546875 0.212890625
7 0.861328125 0.4443359375 0.08203125 0.15234375
7 0.7900390625 0.1416015625 0.080078125 0.1484375
9 0.76953125 0.0634765625 0.078125 0.126953125
9 0.8837890625 0.587890625 0.09765625 0.150390625
10 0.794921875 0.728515625 0.078125 0.12109375
10 0.76953125 0.595703125 0.0859375 0.119140625
10 0.75390625 0.4873046875 0.072265625 0.11328125
10 0.7265625 0.37890625 0.0703125 0.115234375
10 0.7119140625 0.267578125 0.072265625 0.115234375
10 0.6923828125 0.1787109375 0.060546875 0.10546875
10 0.6806640625 0.0859375 0.0625 0.1015625
10 0.6708984375 0.0283203125 0.060546875 0.056640625
12 0.7529296875 0.021484375 0.068359375 0.04296875
12 0.9150390625 0.7158203125 0.09765625 0.16015625