5 0.2041015625 0.7158203125 0.078125 0.16796875
2 0.1943359375 0.63671875 0.08984375 0.203125
1 0.228515625 0.8056640625 0.060546875 0.134765625
1 0.1767578125 0.4970703125 0.068359375 0.142578125
3 0.24609375 0.892578125 0.06640625 0.125
3 0.1513671875 0.3740234375 0.083984375 0.134765625
6 0.251953125 0.9560546875 0.05859375 0.087890625
6 0.1298828125 0.234375 0.08203125 0.140625
4 0.34375 0.958984375 0.046875 0.08203125
4 0.3359375 0.884765625 0.046875 0.10546875
4 0.322265625 0.7939453125 0.046875 0.10546875
4 0.30859375 0.703125 0.046875 0.10546875
4 0.2939453125 0.5986328125 0.0546875 0.1015625
4 0.2783203125 0.486328125 0.0546875 0.11328125
4 0.26171875 0.3671875 0.0546875 0.11328125
4 0.244140625 0.2333984375 0.060546875 0.111328125
11 0.85546875 0.7373046875 0.0703125 0.185546875
8 0.869140625 0.6435546875 0.078125 0.20703125
7 0.8818359375 0.5048828125 0.0625 0.1484375
7 0.8525390625 0.8173828125 0.060546875 0.142578125
9 0.8447265625 0.90234375 0.060546875 0.12890625
9 0.884765625 0.357421875 0.078125 0.142578125
10 0.775390625 0.2294921875 0.0625 0.11328125
10 0.7685546875 0.365234375 0.0703125 0.111328125
10 0.767578125 0.4775390625 0.05859375 0.10546875
10 0.755859375 0.58984375 0.0546875 0.109375
10 0.7578125 0.7021484375 0.05859375 0.109375
10 0.75 0.7939453125 0.046875 0.1015625
10 0.7509765625 0.888671875 0.05078125 0.09765625
10 0.75390625 0.9609375 0.05078125 0.078125
12 0.8359375 0.9619140625 0.05859375 0.076171875
12 0.8974609375 0.2255859375 0.078125 0.15234375