5 0.806640625 0.3076171875 0.07421875 0.1630859375
2 0.81640625 0.3857421875 0.083984375 0.19921875
1 0.78515625 0.2197265625 0.060546875 0.1318359375
1 0.830078125 0.521484375 0.064453125 0.1396484375
3 0.7666015625 0.1357421875 0.0625 0.123046875
3 0.85546875 0.6416015625 0.08203125 0.1298828125
6 0.76171875 0.0615234375 0.052734375 0.1083984375
6 0.8740234375 0.7802734375 0.0791015625 0.13671875
4 0.671875 0.0576171875 0.0458984375 0.1005859375
4 0.677734375 0.142578125 0.04296875 0.103515625
4 0.6923828125 0.232421875 0.04296875 0.103515625
4 0.7041015625 0.3193359375 0.0478515625 0.10546875
4 0.716796875 0.4228515625 0.052734375 0.1005859375
4 0.732421875 0.5322265625 0.05078125 0.11328125
4 0.74609375 0.6513671875 0.0556640625 0.1103515625
4 0.76171875 0.779296875 0.0576171875 0.1103515625
11 0.169921875 0.287109375 0.0693359375 0.1806640625
8 0.15234375 0.3798828125 0.07421875 0.2021484375
7 0.1396484375 0.5146484375 0.0625 0.14453125
7 0.171875 0.208984375 0.0556640625 0.1396484375
9 0.1806640625 0.1259765625 0.0576171875 0.126953125
9 0.1357421875 0.658203125 0.07421875 0.1396484375
10 0.2412109375 0.783203125 0.060546875 0.1103515625
10 0.2490234375 0.6513671875 0.0693359375 0.1103515625
10 0.251953125 0.541015625 0.0576171875 0.10546875
10 0.263671875 0.431640625 0.0556640625 0.1083984375
10 0.2646484375 0.322265625 0.0576171875 0.10546875
10 0.2724609375 0.2333984375 0.0458984375 0.1005859375
10 0.271484375 0.1396484375 0.0478515625 0.095703125
10 0.271484375 0.0556640625 0.0478515625 0.10546875
12 0.189453125 0.0517578125 0.052734375 0.103515625
12 0.12109375 0.7880859375 0.07421875 0.1494140625