5 0.8154296875 0.28125 0.095703125 0.1796875
2 0.8349609375 0.361328125 0.109375 0.21875
1 0.7841796875 0.1923828125 0.078125 0.14453125
1 0.8642578125 0.501953125 0.083984375 0.15234375
3 0.755859375 0.10546875 0.078125 0.134765625
3 0.904296875 0.625 0.099609375 0.14453125
6 0.7421875 0.0439453125 0.06640625 0.087890625
6 0.9384765625 0.767578125 0.09765625 0.15234375
4 0.6455078125 0.044921875 0.060546875 0.08984375
4 0.6640625 0.123046875 0.056640625 0.11328125
4 0.6884765625 0.21484375 0.056640625 0.11328125
4 0.7099609375 0.3046875 0.0625 0.115234375
4 0.734375 0.4111328125 0.06640625 0.111328125
4 0.7626953125 0.5244140625 0.064453125 0.123046875
4 0.791015625 0.6474609375 0.0703125 0.12109375
4 0.8212890625 0.7783203125 0.072265625 0.12109375
11 0.1484375 0.330078125 0.091796875 0.1953125
8 0.140625 0.4287109375 0.099609375 0.21875
7 0.142578125 0.5712890625 0.080078125 0.158203125
7 0.142578125 0.248046875 0.072265625 0.15234375
9 0.142578125 0.16015625 0.07421875 0.138671875
9 0.154296875 0.7216796875 0.09375 0.154296875
10 0.2783203125 0.8408203125 0.076171875 0.123046875
10 0.2705078125 0.7021484375 0.0859375 0.123046875
10 0.2626953125 0.5859375 0.072265625 0.1171875
10 0.26171875 0.4697265625 0.068359375 0.119140625
10 0.2509765625 0.3564453125 0.072265625 0.1171875
10 0.25 0.26171875 0.05859375 0.111328125
10 0.2392578125 0.1640625 0.060546875 0.10546875
10 0.2294921875 0.0791015625 0.0625 0.109375
12 0.14453125 0.0859375 0.06640625 0.10546875
12 0.15234375 0.8583984375 0.09375 0.1640625