5 0.2080078125 0.2861328125 0.07421875 0.158203125
2 0.1982421875 0.3603515625 0.083984375 0.1923828125
1 0.23046875 0.201171875 0.0576171875 0.126953125
1 0.181640625 0.4931640625 0.064453125 0.134765625
3 0.248046875 0.119140625 0.0625 0.1181640625
3 0.1572265625 0.609375 0.0791015625 0.126953125
6 0.25390625 0.05078125 0.0556640625 0.1005859375
6 0.13671875 0.7412109375 0.0771484375 0.1318359375
4 0.33984375 0.046875 0.0458984375 0.09375
4 0.3330078125 0.1259765625 0.0458984375 0.0986328125
4 0.3193359375 0.2119140625 0.04296875 0.1005859375
4 0.306640625 0.2978515625 0.0458984375 0.1005859375
4 0.29296875 0.396484375 0.052734375 0.095703125
4 0.27734375 0.50390625 0.05078125 0.1083984375
4 0.26171875 0.6162109375 0.052734375 0.1083984375
4 0.2451171875 0.7431640625 0.0576171875 0.10546875
11 0.82421875 0.265625 0.0673828125 0.17578125
8 0.837890625 0.3544921875 0.07421875 0.1943359375
7 0.849609375 0.4853515625 0.060546875 0.1396484375
7 0.822265625 0.189453125 0.0576171875 0.134765625
9 0.814453125 0.109375 0.0576171875 0.123046875
9 0.8525390625 0.625 0.07421875 0.134765625
10 0.7490234375 0.74609375 0.060546875 0.1083984375
10 0.7431640625 0.6181640625 0.0673828125 0.10546875
10 0.7412109375 0.51171875 0.0556640625 0.1005859375
10 0.73046875 0.4052734375 0.052734375 0.103515625
10 0.732421875 0.298828125 0.0556640625 0.103515625
10 0.724609375 0.2119140625 0.0458984375 0.095703125
10 0.7255859375 0.123046875 0.0478515625 0.091796875
10 0.728515625 0.0458984375 0.0478515625 0.091796875
12 0.806640625 0.044921875 0.0556640625 0.0888671875
12 0.8642578125 0.75 0.07421875 0.14453125