2 0.7705078125 0.6025390625 0.109375 0.2265625
6 0.91015625 0.7578125 0.087890625 0.162109375
12 0.68359375 0.7431640625 0.083984375 0.162109375
9 0.5009765625 0.078125 0.064453125 0.15625
5 0.611328125 0.2578125 0.08984375 0.203125
4 0.697265625 0.18359375 0.056640625 0.115234375
4 0.7314453125 0.3837890625 0.0703125 0.119140625
4 0.6513671875 0.4990234375 0.06640625 0.125
4 0.5234375 0.2685546875 0.0625 0.123046875
3 0.439453125 0.373046875 0.080078125 0.15625
10 0.4296875 0.267578125 0.0625 0.115234375
11 0.34375 0.255859375 0.091796875 0.197265625
8 0.240234375 0.3408203125 0.09375 0.224609375
12 0.1630859375 0.0322265625 0.072265625 0.04296875
10 0.2490234375 0.0283203125 0.05859375 0.041015625
10 0.2548828125 0.1689453125 0.064453125 0.119140625
10 0.2451171875 0.619140625 0.07421875 0.130859375