2 0.7568359375 0.4365234375 0.1171875 0.2265625
6 0.900390625 0.2919921875 0.09375 0.162109375
12 0.6787109375 0.294921875 0.08984375 0.162109375
9 0.46875 0.9267578125 0.0703125 0.146484375
5 0.583984375 0.763671875 0.09765625 0.201171875
4 0.6640625 0.8408203125 0.060546875 0.115234375
4 0.7080078125 0.646484375 0.072265625 0.119140625
4 0.634765625 0.5302734375 0.0703125 0.123046875
4 0.4990234375 0.748046875 0.06640625 0.123046875
3 0.4228515625 0.642578125 0.0859375 0.154296875
10 0.4072265625 0.744140625 0.064453125 0.115234375
11 0.32421875 0.7509765625 0.099609375 0.197265625
8 0.2265625 0.6630859375 0.1015625 0.22265625
12 0.1357421875 0.9541015625 0.0703125 0.03515625
10 0.2216796875 0.9638671875 0.05859375 0.03125
10 0.232421875 0.83203125 0.068359375 0.119140625
10 0.24609375 0.392578125 0.078125 0.12890625