2 0.7275390625 0.587890625 0.0888671875 0.19921875
6 0.83984375 0.7294921875 0.07421875 0.1416015625
12 0.638671875 0.712890625 0.0693359375 0.1416015625
9 0.5263671875 0.1162109375 0.052734375 0.1416015625
5 0.609375 0.27734375 0.07421875 0.1806640625
4 0.6923828125 0.212890625 0.0478515625 0.103515625
4 0.708984375 0.392578125 0.0576171875 0.1083984375
4 0.62890625 0.494140625 0.0556640625 0.1083984375
4 0.529296875 0.287109375 0.052734375 0.1083984375
3 0.447265625 0.380859375 0.0673828125 0.13671875
10 0.4462890625 0.28515625 0.05078125 0.103515625
11 0.37109375 0.275390625 0.07421875 0.17578125
8 0.2744140625 0.34765625 0.0771484375 0.19921875
12 0.2275390625 0.0458984375 0.064453125 0.091796875
10 0.3017578125 0.0419921875 0.05078125 0.083984375
10 0.298828125 0.1943359375 0.0556640625 0.10546875
10 0.255859375 0.5986328125 0.060546875 0.115234375