2 0.7421875 0.58984375 0.099609375 0.208984375
6 0.8544921875 0.740234375 0.08203125 0.1484375
12 0.6455078125 0.71484375 0.078125 0.1484375
9 0.55078125 0.095703125 0.060546875 0.1484375
5 0.6318359375 0.2646484375 0.083984375 0.189453125
4 0.7197265625 0.2001953125 0.052734375 0.109375
4 0.73046875 0.38671875 0.0625 0.115234375
4 0.6435546875 0.48828125 0.060546875 0.11328125
4 0.5478515625 0.271484375 0.05859375 0.11328125
3 0.4599609375 0.365234375 0.07421875 0.14453125
10 0.4619140625 0.2666015625 0.0546875 0.109375
11 0.3857421875 0.25390625 0.083984375 0.18359375
8 0.2822265625 0.32421875 0.087890625 0.208984375
12 0.2431640625 0.029296875 0.068359375 0.05859375
10 0.3203125 0.0263671875 0.0546875 0.052734375
10 0.3134765625 0.1669921875 0.060546875 0.111328125
10 0.2548828125 0.5830078125 0.06640625 0.12109375