2 0.2509765625 0.583984375 0.09375 0.20703125
6 0.126953125 0.732421875 0.0771484375 0.146484375
12 0.3369140625 0.7099609375 0.072265625 0.146484375
9 0.482421875 0.091796875 0.0556640625 0.14453125
5 0.38671875 0.2607421875 0.0771484375 0.185546875
4 0.3056640625 0.1943359375 0.0478515625 0.10546875
4 0.2802734375 0.380859375 0.060546875 0.1083984375
4 0.3583984375 0.484375 0.0576171875 0.11328125
4 0.46875 0.267578125 0.052734375 0.11328125
3 0.548828125 0.361328125 0.0693359375 0.1416015625
10 0.5556640625 0.2646484375 0.052734375 0.10546875
11 0.6337890625 0.2509765625 0.0791015625 0.1806640625
8 0.732421875 0.326171875 0.0791015625 0.2041015625
12 0.794921875 0.029296875 0.064453125 0.0576171875
10 0.7138671875 0.02734375 0.052734375 0.0546875
10 0.712890625 0.1669921875 0.0556640625 0.1083984375
10 0.736328125 0.5830078125 0.064453125 0.1181640625