2 0.2568359375 0.615234375 0.1171875 0.2265625
6 0.119140625 0.7587890625 0.095703125 0.162109375
12 0.3408203125 0.759765625 0.08984375 0.162109375
9 0.5205078125 0.1201171875 0.0703125 0.16015625
5 0.4150390625 0.2880859375 0.099609375 0.203125
4 0.330078125 0.208984375 0.0625 0.1171875
4 0.294921875 0.404296875 0.07421875 0.123046875
4 0.373046875 0.5224609375 0.0703125 0.123046875
4 0.5009765625 0.3056640625 0.068359375 0.123046875
3 0.5810546875 0.416015625 0.0859375 0.15625
10 0.591796875 0.310546875 0.064453125 0.1171875
11 0.673828125 0.3076171875 0.09765625 0.19921875
8 0.7724609375 0.3955078125 0.103515625 0.224609375
12 0.8525390625 0.0751953125 0.078125 0.09765625
10 0.771484375 0.064453125 0.0625 0.087890625
10 0.759765625 0.2265625 0.0703125 0.12109375
10 0.76953125 0.671875 0.076171875 0.130859375