7 0.58238767578125 0.540855373046875 0.521148642578125 0.534418890625 0.505958544921875 0.6789430078125 0.567197578125 0.685379490234375 0.58238767578125 0.540855373046875
9 0.699385130859375 0.134603287109375 0.645494783203125 0.12893918359375 0.6313345234375 0.2636650546875 0.68522487109375 0.26932916015625 0.699385130859375 0.134603287109375
11 0.698495119140625 0.213761626953125 0.6397056484375 0.20758260546875 0.62091112109375 0.386400580078125 0.67970059375 0.392579603515625 0.698495119140625 0.213761626953125
8 0.897564328125 0.299076798828125 0.814279244140625 0.29032318359375 0.792652666015625 0.4960863359375 0.87593775 0.504839951171875 0.897564328125 0.299076798828125
12 0.7653545859375 0.70868325 0.69431730859375 0.701216931640625 0.679642130859375 0.840841927734375 0.750679408203125 0.848308248046875 0.7653545859375 0.70868325
12 0.816816853515625 0.03054465234375 0.8062610234375 0.130976666015625 0.8723991796875 0.13792806640625 0.882955009765625 0.037496052734375 0.816816853515625 0.03054465234375
9 0.871435912109375 0.57123556640625 0.79549951171875 0.563254328125 0.780051955078125 0.710228005859375 0.85598835546875 0.718209244140625 0.871435912109375 0.57123556640625
10 0.609803388671875 0.256448798828125 0.560812162109375 0.25129961328125 0.55025633203125 0.35173162890625 0.59924755859375 0.356880814453125 0.609803388671875 0.256448798828125
10 0.563975638671875 0.69247071484375 0.502736607421875 0.686034232421875 0.490636021484375 0.801163615234375 0.551875052734375 0.807600095703125 0.563975638671875 0.69247071484375
10 0.76327272265625 0.5871099921875 0.702033689453125 0.580673509765625 0.689933103515625 0.695802892578125 0.75117213671875 0.702239373046875 0.76327272265625 0.5871099921875
10 0.77365174609375 0.18203496484375 0.72466051953125 0.176885779296875 0.712817392578125 0.289565599609375 0.761808619140625 0.29471478515625 0.77365174609375 0.18203496484375
10 0.743330013671875 0.022820875 0.73277418359375 0.123252888671875 0.78421497265625 0.128659533203125 0.794770802734375 0.02822751953125 0.743330013671875 0.022820875
3 0.609685755859375 0.328258455078125 0.5386484765625 0.32079213671875 0.52345837890625 0.46531625390625 0.594495658203125 0.47278257421875 0.609685755859375 0.328258455078125
6 0.178747166015625 0.634645220703125 0.097911642578125 0.626149064453125 0.08194916796875 0.7780218671875 0.16278469140625 0.7865180234375 0.178747166015625 0.634645220703125
2 0.265834966796875 0.23020274609375 0.1849994453125 0.22170658984375 0.16311540625 0.4299193046875 0.2439509296875 0.438415458984375 0.265834966796875 0.23020274609375
5 0.45792319140625 0.193429740234375 0.396684158203125 0.186993259765625 0.37814708984375 0.363361673828125 0.439386125 0.36979815625 0.45792319140625 0.193429740234375
4 0.396794396484375 0.06812701953125 0.35025273046875 0.063235294921875 0.3389245234375 0.171015990234375 0.3854661875 0.175907716796875 0.396794396484375 0.06812701953125
4 0.37824253515625 0.150382267578125 0.329251310546875 0.14523308203125 0.317923103515625 0.25301378125 0.366914328125 0.258162966796875 0.37824253515625 0.150382267578125
4 0.33765941796875 0.324433548828125 0.28866819140625 0.31928436328125 0.27656760546875 0.434413744140625 0.32555883203125 0.4395629296875 0.33765941796875 0.324433548828125
4 0.399818048828125 0.439938025390625 0.348377259765625 0.434531380859375 0.336276673828125 0.54966076171875 0.387717462890625 0.55506740625 0.399818048828125 0.439938025390625
4 0.55690589453125 0.005703533203125 0.505465107421875 0.000296888671875 0.49362198046875 0.112976708984375 0.545062767578125 0.118383353515625 0.55690589453125 0.005703533203125
4 0.529740244140625 0.240603958984375 0.478299455078125 0.235197314453125 0.46594141015625 0.3527762578125 0.51738219921875 0.35818290234375 0.529740244140625 0.240603958984375