7 0.47355769140625 0.53125 0.4134615390625 0.53125 0.4134615390625 0.673076923828125 0.47355769140625 0.673076923828125 0.47355769140625 0.53125
9 0.39423076953125 0.125 0.341346154296875 0.125 0.341346154296875 0.2572115390625 0.39423076953125 0.2572115390625 0.39423076953125 0.125
11 0.391826923828125 0.201923076171875 0.334134615234375 0.201923076171875 0.334134615234375 0.377403845703125 0.391826923828125 0.377403845703125 0.391826923828125 0.201923076171875
8 0.21394230859375 0.264423076171875 0.1322115390625 0.264423076171875 0.1322115390625 0.466346154296875 0.21394230859375 0.466346154296875 0.21394230859375 0.264423076171875
12 0.2884615390625 0.67548076953125 0.21875 0.67548076953125 0.21875 0.8125 0.2884615390625 0.8125 0.2884615390625 0.67548076953125
12 0.173076923828125 0 0.173076923828125 0.110576923828125 0.23798076953125 0.110576923828125 0.23798076953125 0 0.173076923828125 0
9 0.204326923828125 0.53125 0.12980769140625 0.53125 0.12980769140625 0.67548076953125 0.204326923828125 0.67548076953125 0.204326923828125 0.53125
10 0.46394230859375 0.252403845703125 0.415865384765625 0.252403845703125 0.415865384765625 0.3509615390625 0.46394230859375 0.3509615390625 0.46394230859375 0.252403845703125
10 0.4759615390625 0.6802884609375 0.415865384765625 0.6802884609375 0.415865384765625 0.79326923046875 0.4759615390625 0.79326923046875 0.4759615390625 0.6802884609375
10 0.29326923046875 0.55769230859375 0.233173076171875 0.55769230859375 0.233173076171875 0.670673076171875 0.29326923046875 0.670673076171875 0.29326923046875 0.55769230859375
10 0.3125 0.1634615390625 0.264423076171875 0.1634615390625 0.264423076171875 0.2740384609375 0.3125 0.2740384609375 0.3125 0.1634615390625
10 0.310096154296875 0.002403845703125 0.259615384765625 0.002403845703125 0.259615384765625 0.110576923828125 0.310096154296875 0.110576923828125 0.310096154296875 0.002403845703125
3 0.478365384765625 0.322115384765625 0.408653845703125 0.322115384765625 0.408653845703125 0.46394230859375 0.478365384765625 0.46394230859375 0.478365384765625 0.322115384765625
6 0.875 0.6634615390625 0.795673076171875 0.6634615390625 0.795673076171875 0.8125 0.875 0.8125 0.875 0.6634615390625
2 0.83173076953125 0.26201923046875 0.752403845703125 0.26201923046875 0.752403845703125 0.466346154296875 0.83173076953125 0.466346154296875 0.83173076953125 0.26201923046875
5 0.62980769140625 0.20673076953125 0.5697115390625 0.20673076953125 0.5697115390625 0.37980769140625 0.62980769140625 0.37980769140625 0.62980769140625 0.20673076953125
4 0.6875 0.091346154296875 0.641826923828125 0.091346154296875 0.641826923828125 0.197115384765625 0.6875 0.197115384765625 0.6875 0.091346154296875
4 0.69951923046875 0.173076923828125 0.65144230859375 0.173076923828125 0.65144230859375 0.278846154296875 0.69951923046875 0.278846154296875 0.69951923046875 0.173076923828125
4 0.721153845703125 0.346153845703125 0.673076923828125 0.346153845703125 0.673076923828125 0.459134615234375 0.721153845703125 0.459134615234375 0.721153845703125 0.346153845703125
4 0.65144230859375 0.451923076171875 0.6009615390625 0.451923076171875 0.6009615390625 0.564903845703125 0.65144230859375 0.564903845703125 0.65144230859375 0.451923076171875
4 0.54326923046875 0.014423076171875 0.4927884609375 0.014423076171875 0.4927884609375 0.125 0.54326923046875 0.125 0.54326923046875 0.014423076171875
4 0.545673076171875 0.24519230859375 0.49519230859375 0.24519230859375 0.49519230859375 0.360576923828125 0.545673076171875 0.360576923828125 0.545673076171875 0.24519230859375