7 0.5881636328125 0.5209652265625 0.52793631640625 0.5283602109375 0.54538848046875 0.670496673828125 0.605615796875 0.663101689453125 0.5881636328125 0.5209652265625
9 0.61044631640625 0.10495459375 0.557446279296875 0.1114621796875 0.573715244140625 0.2439622734375 0.62671528125 0.2374546875 0.61044631640625 0.10495459375
11 0.627139173828125 0.18115816015625 0.569320953125 0.188257345703125 0.590914306640625 0.364121103515625 0.64873252734375 0.357021919921875 0.627139173828125 0.18115816015625
8 0.837193736328125 0.218947419921875 0.755284587890625 0.22900459765625 0.780131736328125 0.431368376953125 0.862040884765625 0.42131119921875 0.837193736328125 0.218947419921875
12 0.80104809765625 0.641551033203125 0.731184412109375 0.65012921484375 0.7480449765625 0.7874474921875 0.81790866015625 0.778869310546875 0.80104809765625 0.641551033203125
12 0.702712236328125 0 0.712262501953125 0.077780666015625 0.777308001953125 0.069794083984375 0.768738365234375 0 0.702712236328125 0
9 0.87243655859375 0.486060900390625 0.7977546875 0.4952306796875 0.815502650390625 0.639776236328125 0.890184521484375 0.630606455078125 0.87243655859375 0.486060900390625
10 0.5514418125 0.241806283203125 0.5032599609375 0.247722271484375 0.515387734375 0.34649506640625 0.5635695859375 0.340579080078125 0.5514418125 0.241806283203125
10 0.6040941015625 0.670624765625 0.543866787109375 0.67801975 0.557769357421875 0.7912471015625 0.617996671875 0.7838521171875 0.6040941015625 0.670624765625
10 0.77209937109375 0.525280291015625 0.711872056640625 0.532675275390625 0.725774626953125 0.64590262890625 0.78600194140625 0.63850764453125 0.77209937109375 0.525280291015625
10 0.692270068359375 0.13403449609375 0.644088216796875 0.139950482421875 0.65769498828125 0.250768744140625 0.70587683984375 0.244852755859375 0.692270068359375 0.13403449609375
10 0.62934987109375 0 0.639989724609375 0.0866546484375 0.69058066796875 0.080442861328125 0.68070352734375 0 0.62934987109375 0
3 0.5672472734375 0.3107825703125 0.497383587890625 0.319360751953125 0.51483575 0.46149721484375 0.584699435546875 0.452919033203125 0.5672472734375 0.3107825703125
6 0.221386875 0.70049741796875 0.1418868203125 0.710258798828125 0.160226380859375 0.859622541015625 0.2397264375 0.84986116015625 0.221386875 0.70049741796875
2 0.215352046875 0.29285456640625 0.135851990234375 0.302615947265625 0.1609949375 0.507388818359375 0.240494994140625 0.4976274375 0.215352046875 0.29285456640625
5 0.39163969921875 0.214964685546875 0.3314123828125 0.222359669921875 0.3527099375 0.3958143359375 0.41293725390625 0.3884193515625 0.39163969921875 0.214964685546875
4 0.305168548828125 0.108202220703125 0.259395791015625 0.113822408203125 0.272410962890625 0.219822484375 0.31818372265625 0.214202294921875 0.305168548828125 0.108202220703125
4 0.305589357421875 0.19129456640625 0.257407505859375 0.197210552734375 0.270422677734375 0.30321062890625 0.318604529296875 0.297294640625 0.305589357421875 0.19129456640625
4 0.305205080078125 0.367411427734375 0.2570232265625 0.3733274140625 0.270925796875 0.486554767578125 0.319107650390625 0.480638779296875 0.305205080078125 0.367411427734375
4 0.39049303125 0.464537521484375 0.3399020859375 0.47074930859375 0.35380465625 0.58397666015625 0.4043956015625 0.577764873046875 0.39049303125 0.464537521484375
4 0.4450667109375 0.0127716953125 0.394475767578125 0.018983482421875 0.4080825390625 0.1298017421875 0.458673482421875 0.123589955078125 0.4450667109375 0.0127716953125
4 0.471054357421875 0.244340384765625 0.4204634140625 0.250552171875 0.434661783203125 0.3661886171875 0.485252728515625 0.359976830078125 0.471054357421875 0.244340384765625