6 0.3427734375 0.791015625 0.0791015625 0.1494140625
6 0.126953125 0.80859375 0.08203125 0.1513671875
2 0.2587890625 0.6552734375 0.0986328125 0.21875
5 0.3916015625 0.3173828125 0.0673828125 0.1875
4 0.30078125 0.2490234375 0.052734375 0.123046875
4 0.3603515625 0.5576171875 0.0625 0.1298828125
4 0.478515625 0.3291015625 0.052734375 0.115234375
3 0.7353515625 0.5361328125 0.0771484375 0.154296875
8 0.7431640625 0.3974609375 0.0771484375 0.2138671875
10 0.75 0.6708984375 0.0625 0.1201171875
12 0.830078125 0.2255859375 0.0693359375 0.125
10 0.728515625 0.0576171875 0.052734375 0.1103515625
10 0.640625 0.15625 0.0556640625 0.115234375
10 0.5615234375 0.3330078125 0.0556640625 0.1181640625