6 0.349609375 0.236328125 0.083984375 0.150390625
6 0.138671875 0.2177734375 0.08984375 0.154296875
2 0.26171875 0.37109375 0.10546875 0.22265625
5 0.376953125 0.705078125 0.07421875 0.19140625
4 0.2841796875 0.775390625 0.05859375 0.125
4 0.3583984375 0.46875 0.06640625 0.130859375
4 0.46484375 0.693359375 0.056640625 0.1171875
3 0.732421875 0.48828125 0.0859375 0.15625
8 0.732421875 0.6259765625 0.087890625 0.216796875
10 0.75390625 0.353515625 0.068359375 0.12109375
12 0.8115234375 0.796875 0.07421875 0.12890625
10 0.703125 0.955078125 0.05859375 0.08984375
10 0.619140625 0.865234375 0.060546875 0.115234375
10 0.548828125 0.69140625 0.05859375 0.119140625