6 0.642578125 0.7822265625 0.07421875 0.1416015625
6 0.8486328125 0.79296875 0.0771484375 0.14453125
2 0.72265625 0.6494140625 0.09375 0.20703125
5 0.59375 0.330078125 0.0625 0.1806640625
4 0.6806640625 0.2607421875 0.052734375 0.1181640625
4 0.623046875 0.55859375 0.0576171875 0.123046875
4 0.509765625 0.3427734375 0.0478515625 0.1083984375
3 0.263671875 0.546875 0.07421875 0.146484375
8 0.2568359375 0.4130859375 0.072265625 0.2021484375
10 0.2509765625 0.6767578125 0.060546875 0.11328125
12 0.1728515625 0.25 0.0673828125 0.1201171875
10 0.267578125 0.0869140625 0.05078125 0.10546875
10 0.353515625 0.181640625 0.052734375 0.1083984375
10 0.431640625 0.34765625 0.05078125 0.11328125