6 0.69921875 0.1982421875 0.111328125 0.166015625
6 0.9189453125 0.232421875 0.11328125 0.169921875
2 0.7529296875 0.357421875 0.146484375 0.240234375
5 0.544921875 0.6650390625 0.107421875 0.205078125
4 0.62109375 0.7587890625 0.08203125 0.13671875
4 0.626953125 0.4296875 0.087890625 0.142578125
4 0.458984375 0.6337890625 0.07421875 0.125
3 0.2431640625 0.361328125 0.11328125 0.171875
8 0.20703125 0.501953125 0.12109375 0.23046875
10 0.259765625 0.2216796875 0.08984375 0.1328125
12 0.0810546875 0.6552734375 0.099609375 0.142578125
10 0.14453125 0.8505859375 0.078125 0.123046875
10 0.255859375 0.7685546875 0.080078125 0.126953125
10 0.376953125 0.6103515625 0.078125 0.130859375