6 0.603515625 0.765625 0.103515625 0.16796875
6 0.826171875 0.8037109375 0.109375 0.169921875
2 0.7099609375 0.6298828125 0.130859375 0.244140625
5 0.619140625 0.265625 0.095703125 0.20703125
4 0.7236328125 0.2001953125 0.072265625 0.13671875
4 0.6162109375 0.517578125 0.08203125 0.142578125
4 0.5244140625 0.26953125 0.068359375 0.12890625
3 0.22265625 0.4619140625 0.103515625 0.171875
8 0.234375 0.31640625 0.11328125 0.234375
10 0.185546875 0.6015625 0.083984375 0.1328125
12 0.1669921875 0.1279296875 0.08984375 0.140625
10 0.29296875 0.009765625 0.0625 0.01953125
10 0.3779296875 0.0732421875 0.07421875 0.126953125
10 0.435546875 0.263671875 0.072265625 0.130859375