6 0.4140625 0.8232421875 0.111328125 0.1640625
6 0.2060546875 0.890625 0.115234375 0.16796875
2 0.30078125 0.708984375 0.146484375 0.23828125
5 0.35546875 0.3466796875 0.109375 0.19921875
4 0.2490234375 0.2998046875 0.080078125 0.1328125
4 0.37890625 0.58984375 0.091796875 0.142578125
4 0.4423828125 0.3388671875 0.078125 0.125
3 0.7431640625 0.484375 0.111328125 0.16796875
8 0.71875 0.3466796875 0.125 0.228515625
10 0.7880859375 0.61328125 0.08984375 0.1328125
12 0.765625 0.1572265625 0.09765625 0.138671875
10 0.626953125 0.037109375 0.078125 0.07421875
10 0.5634765625 0.1318359375 0.080078125 0.125
10 0.525390625 0.32421875 0.080078125 0.12890625