6 0.6064453125 0.82421875 0.1015625 0.169921875
6 0.8369140625 0.8681640625 0.10546875 0.173828125
2 0.712890625 0.6875 0.130859375 0.248046875
5 0.6064453125 0.3056640625 0.09375 0.2109375
4 0.7138671875 0.2421875 0.0703125 0.138671875
4 0.61328125 0.5703125 0.08203125 0.1484375
4 0.5126953125 0.30859375 0.0703125 0.130859375
3 0.2099609375 0.50390625 0.1015625 0.17578125
8 0.2177734375 0.353515625 0.107421875 0.240234375
10 0.1787109375 0.6474609375 0.08203125 0.13671875
12 0.142578125 0.1572265625 0.08984375 0.142578125
10 0.2685546875 0.0244140625 0.064453125 0.048828125
10 0.3564453125 0.1025390625 0.07421875 0.130859375
10 0.421875 0.302734375 0.07421875 0.1328125