6 0.37890625 0.83203125 0.091796875 0.15625
6 0.1630859375 0.8623046875 0.095703125 0.16015625
2 0.283203125 0.6982421875 0.119140625 0.228515625
5 0.3896484375 0.349609375 0.08203125 0.197265625
4 0.2919921875 0.2841796875 0.06640625 0.12890625
4 0.3798828125 0.59375 0.072265625 0.134765625
4 0.4794921875 0.3544921875 0.060546875 0.119140625
3 0.7587890625 0.5478515625 0.091796875 0.162109375
8 0.7529296875 0.40625 0.09375 0.21875
10 0.7841796875 0.68359375 0.07421875 0.125
12 0.8271484375 0.2255859375 0.08203125 0.1328125
10 0.7119140625 0.0615234375 0.0625 0.1171875
10 0.6298828125 0.169921875 0.06640625 0.119140625
10 0.5625 0.3525390625 0.064453125 0.125