6 0.642578125 0.7587890625 0.07421875 0.1416015625
6 0.84765625 0.7646484375 0.0791015625 0.14453125
2 0.720703125 0.6240234375 0.091796875 0.208984375
5 0.59375 0.30859375 0.0625 0.1806640625
4 0.6787109375 0.236328125 0.05078125 0.1181640625
4 0.623046875 0.53515625 0.0576171875 0.123046875
4 0.509765625 0.32421875 0.0478515625 0.1103515625
3 0.263671875 0.53515625 0.07421875 0.146484375
8 0.255859375 0.40234375 0.07421875 0.2041015625
10 0.2490234375 0.6650390625 0.060546875 0.11328125
12 0.171875 0.2431640625 0.064453125 0.1201171875
10 0.267578125 0.076171875 0.05078125 0.103515625
10 0.353515625 0.1669921875 0.052734375 0.1083984375
10 0.4287109375 0.330078125 0.05078125 0.11328125