3 0.4375 0.408203125 0.0673828125 0.1396484375
4 0.5205078125 0.0732421875 0.05078125 0.1083984375
6 0.8369140625 0.763671875 0.0869140625 0.146484375
2 0.8037109375 0.5068359375 0.09375 0.20703125
5 0.5986328125 0.306640625 0.0673828125 0.185546875
4 0.6962890625 0.423828125 0.05078125 0.1083984375
4 0.677734375 0.2451171875 0.0478515625 0.10546875
4 0.51171875 0.3173828125 0.052734375 0.10546875
4 0.619140625 0.5244140625 0.0556640625 0.1103515625
12 0.6318359375 0.7412109375 0.0771484375 0.146484375
12 0.205078125 0.0625 0.064453125 0.1201171875
11 0.35546875 0.3037109375 0.0625 0.1806640625
8 0.259765625 0.3837890625 0.0771484375 0.19921875
7 0.431640625 0.6181640625 0.064453125 0.1494140625
9 0.5087890625 0.1455078125 0.0556640625 0.13671875
9 0.3486328125 0.5107421875 0.0673828125 0.146484375
10 0.4306640625 0.3115234375 0.052734375 0.1083984375
10 0.2802734375 0.0615234375 0.05078125 0.1083984375
10 0.28125 0.2236328125 0.0478515625 0.1103515625
10 0.248046875 0.626953125 0.0625 0.1201171875