3 0.4208984375 0.58203125 0.099609375 0.16015625
4 0.4404296875 0.9443359375 0.072265625 0.111328125
6 0.9140625 0.2900390625 0.12109375 0.171875
2 0.8271484375 0.552734375 0.140625 0.236328125
5 0.5693359375 0.72265625 0.109375 0.208984375
4 0.6962890625 0.6181640625 0.07421875 0.125
4 0.640625 0.802734375 0.072265625 0.12109375
4 0.48046875 0.693359375 0.078125 0.12109375
4 0.6357421875 0.4970703125 0.080078125 0.126953125
12 0.693359375 0.271484375 0.111328125 0.169921875
12 0.109375 0.8837890625 0.0859375 0.109375
11 0.3134765625 0.6748046875 0.103515625 0.203125
8 0.228515625 0.5712890625 0.12109375 0.2265625
7 0.45703125 0.3603515625 0.09765625 0.169921875
9 0.4423828125 0.8740234375 0.0859375 0.154296875
9 0.3486328125 0.4560546875 0.1015625 0.16796875
10 0.3935546875 0.68359375 0.078125 0.125
10 0.1865234375 0.90234375 0.0703125 0.09765625
10 0.21875 0.7451171875 0.07421875 0.125
10 0.265625 0.3125 0.08984375 0.138671875