3 0.587890625 0.5966796875 0.107421875 0.171875
4 0.5625 0.962890625 0.06640625 0.07421875
6 0.06640625 0.287109375 0.1328125 0.18359375
2 0.15625 0.5654296875 0.1484375 0.251953125
5 0.4306640625 0.74609375 0.1171875 0.224609375
4 0.2958984375 0.6357421875 0.083984375 0.1328125
4 0.3544921875 0.8330078125 0.07421875 0.130859375
4 0.5234375 0.712890625 0.08203125 0.130859375
4 0.361328125 0.5068359375 0.087890625 0.138671875
12 0.2978515625 0.265625 0.119140625 0.181640625
12 0.9150390625 0.8955078125 0.08203125 0.076171875
11 0.7021484375 0.693359375 0.111328125 0.21484375
8 0.791015625 0.5849609375 0.1328125 0.244140625
7 0.5517578125 0.357421875 0.107421875 0.1796875
9 0.564453125 0.908203125 0.09375 0.1640625
9 0.6669921875 0.4609375 0.109375 0.1796875
10 0.6162109375 0.7021484375 0.083984375 0.1328125
10 0.83203125 0.91796875 0.068359375 0.0625
10 0.802734375 0.767578125 0.08203125 0.13671875
10 0.7548828125 0.3076171875 0.095703125 0.1484375