3 0.427734375 0.41796875 0.072265625 0.14453125
4 0.515625 0.0693359375 0.05078125 0.1103515625
6 0.83984375 0.78515625 0.09375 0.1513671875
2 0.8076171875 0.5205078125 0.095703125 0.2138671875
5 0.5947265625 0.3115234375 0.0693359375 0.1943359375
4 0.6962890625 0.43359375 0.0556640625 0.11328125
4 0.677734375 0.248046875 0.0478515625 0.1103515625
4 0.505859375 0.32421875 0.0556640625 0.1103515625
4 0.615234375 0.537109375 0.0576171875 0.1181640625
12 0.6298828125 0.763671875 0.08203125 0.1513671875
12 0.1884765625 0.0625 0.064453125 0.1201171875
11 0.34375 0.3115234375 0.0673828125 0.185546875
8 0.2451171875 0.392578125 0.08203125 0.208984375
7 0.419921875 0.63671875 0.0693359375 0.154296875
9 0.50390625 0.14453125 0.060546875 0.1396484375
9 0.333984375 0.525390625 0.072265625 0.1513671875
10 0.421875 0.318359375 0.0556640625 0.11328125
10 0.2666015625 0.0576171875 0.052734375 0.1103515625
10 0.2666015625 0.228515625 0.052734375 0.115234375
10 0.2294921875 0.646484375 0.064453125 0.125