3 0.546875 0.63671875 0.083984375 0.158203125
4 0.4375 0.970703125 0.05859375 0.0546875
6 0.1240234375 0.21875 0.10546875 0.16796875
2 0.14453125 0.505859375 0.1171875 0.234375
5 0.361328125 0.740234375 0.0859375 0.208984375
4 0.259765625 0.603515625 0.0625 0.123046875
4 0.26953125 0.8037109375 0.060546875 0.119140625
4 0.4580078125 0.7333984375 0.064453125 0.119140625
4 0.3515625 0.4970703125 0.068359375 0.126953125
12 0.349609375 0.255859375 0.09375 0.16796875
12 0.78515625 0.982421875 0.07421875 0.03515625
11 0.630859375 0.7568359375 0.080078125 0.203125
8 0.7421875 0.6748046875 0.09765625 0.2265625
7 0.5654296875 0.404296875 0.080078125 0.169921875
9 0.4521484375 0.9228515625 0.068359375 0.15234375
9 0.6513671875 0.5283203125 0.083984375 0.166015625
10 0.548828125 0.7451171875 0.064453125 0.123046875
10 0.703125 0.984375 0.05859375 0.03125
10 0.708984375 0.8515625 0.060546875 0.125
10 0.76953125 0.404296875 0.076171875 0.13671875