3 0.544921875 0.6103515625 0.099609375 0.1640625
4 0.3974609375 0.9462890625 0.068359375 0.09375
6 0.173828125 0.1572265625 0.123046875 0.173828125
2 0.1630859375 0.439453125 0.13671875 0.240234375
5 0.3515625 0.6953125 0.10546875 0.216796875
4 0.265625 0.5498046875 0.076171875 0.126953125
4 0.25390625 0.748046875 0.068359375 0.123046875
4 0.447265625 0.6953125 0.076171875 0.125
4 0.3681640625 0.4541015625 0.080078125 0.1328125
12 0.3896484375 0.2158203125 0.111328125 0.171875
12 0.740234375 0.9775390625 0.08203125 0.044921875
11 0.615234375 0.736328125 0.1015625 0.205078125
8 0.7314453125 0.6669921875 0.12109375 0.232421875
7 0.58984375 0.3828125 0.099609375 0.171875
9 0.4189453125 0.884765625 0.0859375 0.15625
9 0.6611328125 0.513671875 0.099609375 0.171875
10 0.5341796875 0.7158203125 0.076171875 0.126953125
10 0.65625 0.9755859375 0.06640625 0.048828125
10 0.681640625 0.8359375 0.07421875 0.12890625
10 0.7900390625 0.4033203125 0.08984375 0.142578125