2 0.908203125 0.375 0.138671875 0.255859375
1 0.7431640625 0.1806640625 0.09765625 0.17578125
6 0.7197265625 0.095703125 0.087890625 0.13671875
6 0.630859375 0.1669921875 0.095703125 0.158203125
4 0.8056640625 0.408203125 0.08203125 0.138671875
4 0.7880859375 0.9267578125 0.095703125 0.146484375
4 0.681640625 0.615234375 0.08984375 0.15234375
4 0.5849609375 0.74609375 0.099609375 0.16015625
4 0.5302734375 0.1630859375 0.078125 0.130859375
3 0.5439453125 0.2509765625 0.10546875 0.171875
3 0.25 0.6611328125 0.125 0.189453125
8 0.197265625 0.375 0.13671875 0.251953125
7 0.267578125 0.087890625 0.1171875 0.17578125
7 0.416015625 0.4345703125 0.11328125 0.189453125
12 0.2919921875 0.0556640625 0.103515625 0.111328125
11 0.4521484375 0.1142578125 0.119140625 0.22265625
9 0.2109375 0.8271484375 0.12890625 0.20703125
10 0.3701171875 0.119140625 0.087890625 0.142578125
10 0.318359375 0.3134765625 0.087890625 0.1328125
10 0.3017578125 0.4287109375 0.099609375 0.146484375
10 0.388671875 0.599609375 0.099609375 0.15625