2 0.806640625 0.2666015625 0.09375 0.220703125
1 0.6240234375 0.123046875 0.064453125 0.1494140625
6 0.5927734375 0.0537109375 0.060546875 0.107421875
6 0.5224609375 0.1298828125 0.064453125 0.134765625
4 0.7197265625 0.3134765625 0.0556640625 0.1181640625
4 0.7919921875 0.7802734375 0.0693359375 0.126953125
4 0.64453125 0.5205078125 0.0625 0.1318359375
4 0.5791015625 0.654296875 0.072265625 0.134765625
4 0.4326171875 0.142578125 0.052734375 0.11328125
3 0.4599609375 0.220703125 0.07421875 0.14453125
3 0.265625 0.634765625 0.0888671875 0.158203125
8 0.1728515625 0.3896484375 0.091796875 0.216796875
7 0.1865234375 0.1201171875 0.0791015625 0.154296875
7 0.375 0.40625 0.0771484375 0.158203125
12 0.19921875 0.0673828125 0.072265625 0.134765625
11 0.3544921875 0.115234375 0.0791015625 0.1923828125
9 0.259765625 0.7900390625 0.0869140625 0.17578125
10 0.2822265625 0.1298828125 0.060546875 0.1201171875
10 0.2705078125 0.314453125 0.064453125 0.1103515625
10 0.2744140625 0.419921875 0.072265625 0.123046875
10 0.37890625 0.5576171875 0.0693359375 0.134765625