2 0.1875 0.705078125 0.10546875 0.23046875
1 0.380859375 0.8466796875 0.07421875 0.15625
6 0.419921875 0.9296875 0.0703125 0.140625
6 0.4853515625 0.8330078125 0.078125 0.140625
4 0.2734375 0.6533203125 0.064453125 0.125
4 0.1728515625 0.177734375 0.080078125 0.1328125
4 0.33984375 0.439453125 0.072265625 0.13671875
4 0.3994140625 0.2978515625 0.078125 0.140625
4 0.5751953125 0.8154296875 0.060546875 0.115234375
3 0.544921875 0.7373046875 0.083984375 0.154296875
3 0.720703125 0.3037109375 0.099609375 0.166015625
8 0.8310546875 0.5498046875 0.10546875 0.228515625
7 0.830078125 0.8271484375 0.091796875 0.16015625
7 0.623046875 0.5439453125 0.0859375 0.16796875
12 0.822265625 0.88671875 0.080078125 0.1484375
11 0.658203125 0.8408203125 0.09375 0.203125
9 0.7197265625 0.1435546875 0.099609375 0.18359375
10 0.7333984375 0.8212890625 0.068359375 0.12890625
10 0.734375 0.6318359375 0.072265625 0.1171875
10 0.724609375 0.5244140625 0.08203125 0.12890625
10 0.6083984375 0.388671875 0.080078125 0.140625