2 0.8271484375 0.306640625 0.091796875 0.2236328125
1 0.6455078125 0.15625 0.064453125 0.154296875
6 0.611328125 0.072265625 0.060546875 0.1396484375
6 0.5419921875 0.162109375 0.064453125 0.13671875
4 0.7392578125 0.353515625 0.0556640625 0.1201171875
4 0.8076171875 0.828125 0.0673828125 0.126953125
4 0.66015625 0.5615234375 0.060546875 0.1318359375
4 0.5927734375 0.6962890625 0.0693359375 0.13671875
4 0.44921875 0.173828125 0.052734375 0.11328125
3 0.4755859375 0.251953125 0.072265625 0.1494140625
3 0.275390625 0.671875 0.0888671875 0.1611328125
8 0.181640625 0.4208984375 0.0888671875 0.220703125
7 0.19921875 0.146484375 0.08203125 0.154296875
7 0.3896484375 0.439453125 0.0771484375 0.1630859375
12 0.2119140625 0.087890625 0.072265625 0.146484375
11 0.3701171875 0.142578125 0.0771484375 0.1943359375
9 0.265625 0.8291015625 0.0888671875 0.177734375
10 0.296875 0.16015625 0.060546875 0.123046875
10 0.28125 0.3447265625 0.0625 0.11328125
10 0.283203125 0.4521484375 0.072265625 0.125
10 0.390625 0.59375 0.0693359375 0.134765625