2 0.8173828125 0.6904296875 0.10546875 0.224609375
1 0.6484375 0.8486328125 0.072265625 0.15234375
6 0.62109375 0.9296875 0.068359375 0.12890625
6 0.5478515625 0.84765625 0.076171875 0.13671875
4 0.7294921875 0.6513671875 0.064453125 0.12109375
4 0.76953125 0.18359375 0.078125 0.130859375
4 0.6416015625 0.4541015625 0.0703125 0.1328125
4 0.5673828125 0.3251953125 0.076171875 0.13671875
4 0.458984375 0.841796875 0.060546875 0.111328125
3 0.4794921875 0.763671875 0.083984375 0.150390625
3 0.2607421875 0.3681640625 0.09765625 0.162109375
8 0.18359375 0.6181640625 0.10546875 0.220703125
7 0.2177734375 0.8818359375 0.08984375 0.15625
7 0.3828125 0.587890625 0.0859375 0.162109375
12 0.2314453125 0.93359375 0.080078125 0.1328125
11 0.3828125 0.8759765625 0.09375 0.197265625
9 0.2421875 0.21484375 0.099609375 0.1796875
10 0.3095703125 0.8662109375 0.068359375 0.125
10 0.28515625 0.68359375 0.0703125 0.115234375
10 0.2822265625 0.5810546875 0.08203125 0.125
10 0.376953125 0.4375 0.080078125 0.13671875