2 0.1474609375 0.2763671875 0.103515625 0.236328125
1 0.341796875 0.126953125 0.072265625 0.162109375
6 0.37890625 0.056640625 0.06640625 0.11328125
6 0.44921875 0.13671875 0.072265625 0.14453125
4 0.2373046875 0.3291015625 0.0625 0.126953125
4 0.1484375 0.8193359375 0.07421875 0.134765625
4 0.3115234375 0.546875 0.06640625 0.140625
4 0.376953125 0.689453125 0.078125 0.14453125
4 0.5439453125 0.15234375 0.05859375 0.119140625
3 0.5146484375 0.232421875 0.080078125 0.158203125
3 0.7080078125 0.6767578125 0.09765625 0.171875
8 0.814453125 0.41796875 0.1015625 0.234375
7 0.8056640625 0.1328125 0.08984375 0.162109375
7 0.59765625 0.4306640625 0.0859375 0.171875
12 0.7958984375 0.078125 0.078125 0.138671875
11 0.62890625 0.123046875 0.087890625 0.205078125
9 0.7119140625 0.83984375 0.099609375 0.1875
10 0.7041015625 0.1435546875 0.06640625 0.130859375
10 0.712890625 0.3369140625 0.0703125 0.119140625
10 0.70703125 0.447265625 0.080078125 0.1328125
10 0.5908203125 0.5908203125 0.076171875 0.142578125