2 0.25 0.84765625 0.150390625 0.26171875
1 0.4755859375 0.939453125 0.095703125 0.12109375
6 0.51953125 0.984375 0.0703125 0.03125
6 0.5869140625 0.9267578125 0.095703125 0.138671875
4 0.3349609375 0.7783203125 0.0859375 0.140625
4 0.1572265625 0.28515625 0.103515625 0.154296875
4 0.3740234375 0.5361328125 0.095703125 0.158203125
4 0.416015625 0.376953125 0.107421875 0.162109375
4 0.6845703125 0.9033203125 0.08203125 0.134765625
3 0.6376953125 0.82421875 0.111328125 0.173828125
3 0.7626953125 0.3310546875 0.130859375 0.19140625
8 0.916015625 0.580078125 0.146484375 0.255859375
7 0.94921875 0.8544921875 0.1015625 0.142578125
7 0.69140625 0.6044921875 0.1171875 0.189453125
12 0.9462890625 0.892578125 0.08984375 0.072265625
11 0.76953125 0.8837890625 0.11328125 0.158203125
9 0.736328125 0.1611328125 0.1328125 0.2109375
10 0.8505859375 0.8798828125 0.087890625 0.130859375
10 0.826171875 0.681640625 0.09375 0.134765625
10 0.798828125 0.568359375 0.10546875 0.150390625
10 0.6552734375 0.439453125 0.103515625 0.162109375