2 0.7763671875 0.294921875 0.0869140625 0.208984375
1 0.6044921875 0.1552734375 0.060546875 0.1416015625
6 0.572265625 0.076171875 0.0576171875 0.126953125
6 0.5087890625 0.162109375 0.064453125 0.126953125
4 0.6943359375 0.337890625 0.052734375 0.11328125
4 0.7646484375 0.78125 0.0673828125 0.1201171875
4 0.6240234375 0.5322265625 0.060546875 0.123046875
4 0.5615234375 0.66015625 0.064453125 0.126953125
4 0.423828125 0.173828125 0.05078125 0.103515625
3 0.4482421875 0.248046875 0.0693359375 0.1396484375
3 0.265625 0.6396484375 0.083984375 0.1494140625
8 0.17578125 0.40625 0.0869140625 0.20703125
7 0.189453125 0.1513671875 0.0771484375 0.14453125
7 0.3681640625 0.421875 0.072265625 0.1513671875
12 0.19921875 0.095703125 0.0673828125 0.134765625
11 0.3486328125 0.146484375 0.0771484375 0.1826171875
9 0.2587890625 0.787109375 0.083984375 0.166015625
10 0.279296875 0.1611328125 0.0576171875 0.115234375
10 0.267578125 0.3369140625 0.060546875 0.10546875
10 0.2724609375 0.435546875 0.0693359375 0.115234375
10 0.373046875 0.56640625 0.0673828125 0.126953125