2 0.7783203125 0.7841796875 0.126953125 0.236328125
1 0.5732421875 0.9033203125 0.087890625 0.16015625
6 0.533203125 0.9541015625 0.07421875 0.091796875
6 0.4716796875 0.8828125 0.083984375 0.146484375
4 0.697265625 0.724609375 0.072265625 0.126953125
4 0.8359375 0.2646484375 0.087890625 0.138671875
4 0.650390625 0.5048828125 0.08203125 0.142578125
4 0.603515625 0.3603515625 0.091796875 0.146484375
4 0.3828125 0.8564453125 0.068359375 0.12109375
3 0.421875 0.78125 0.095703125 0.15625
3 0.2841796875 0.3359375 0.11328125 0.173828125
8 0.15625 0.5703125 0.123046875 0.232421875
7 0.130859375 0.8447265625 0.1015625 0.166015625
7 0.3623046875 0.58203125 0.099609375 0.171875
12 0.138671875 0.8916015625 0.08984375 0.130859375
11 0.30078125 0.873046875 0.107421875 0.205078125
9 0.30078125 0.1787109375 0.111328125 0.189453125
10 0.2294921875 0.8486328125 0.078125 0.12890625
10 0.244140625 0.6591796875 0.08203125 0.12109375
10 0.2626953125 0.5546875 0.08984375 0.134765625
10 0.3876953125 0.4296875 0.08984375 0.146484375