9 0.447265625 0.638671875 0.0859375 0.17578125
8 0.109375 0.283203125 0.099609375 0.2265625
11 0.291015625 0.107421875 0.08203125 0.197265625
7 0.4140625 0.408203125 0.083984375 0.158203125
12 0.3759765625 0.1162109375 0.07421875 0.13671875
10 0.4072265625 0.2958984375 0.06640625 0.1171875
10 0.2177734375 0.1357421875 0.078125 0.126953125
10 0.2158203125 0.3173828125 0.06640625 0.125
10 0.333984375 0.552734375 0.06640625 0.13671875
6 0.20703125 0.05859375 0.07421875 0.091796875
3 0.2255859375 0.64453125 0.09765625 0.177734375
1 0.4736328125 0.1943359375 0.064453125 0.15625
2 0.7578125 0.25390625 0.103515625 0.220703125
4 0.671875 0.3017578125 0.060546875 0.123046875
4 0.5439453125 0.65234375 0.068359375 0.13671875
4 0.60546875 0.515625 0.06640625 0.12890625