9 0.501953125 0.6708984375 0.115234375 0.181640625
8 0.1201171875 0.4169921875 0.138671875 0.228515625
11 0.25 0.20703125 0.11328125 0.197265625
7 0.42578125 0.4638671875 0.109375 0.1640625
12 0.3330078125 0.1962890625 0.095703125 0.142578125
10 0.3974609375 0.3583984375 0.083984375 0.12109375
10 0.1865234375 0.2509765625 0.09765625 0.13671875
10 0.22265625 0.4248046875 0.0859375 0.126953125
10 0.380859375 0.6181640625 0.091796875 0.142578125
6 0.1572265625 0.162109375 0.099609375 0.140625
3 0.298828125 0.7314453125 0.125 0.1875
1 0.4384765625 0.2470703125 0.09375 0.16015625
2 0.7158203125 0.234375 0.140625 0.224609375
4 0.642578125 0.298828125 0.08203125 0.126953125
4 0.595703125 0.6611328125 0.08984375 0.140625
4 0.6240234375 0.51953125 0.087890625 0.134765625