9 0.5234375 0.69921875 0.091796875 0.177734375
8 0.873046875 0.357421875 0.10546875 0.2265625
11 0.6982421875 0.17578125 0.087890625 0.197265625
7 0.5654296875 0.47265625 0.087890625 0.16015625
12 0.61328125 0.18359375 0.078125 0.138671875
10 0.5771484375 0.359375 0.0703125 0.119140625
10 0.76953125 0.20703125 0.08203125 0.12890625
10 0.765625 0.3876953125 0.068359375 0.125
10 0.640625 0.6181640625 0.0703125 0.138671875
6 0.78515625 0.10546875 0.08203125 0.14453125
3 0.744140625 0.7138671875 0.1015625 0.1796875
1 0.513671875 0.2568359375 0.0703125 0.158203125
2 0.228515625 0.306640625 0.111328125 0.22265625
4 0.3134765625 0.3564453125 0.064453125 0.125
4 0.427734375 0.7099609375 0.072265625 0.138671875
4 0.37109375 0.572265625 0.0703125 0.130859375