9 0.46875 0.65234375 0.072265625 0.1611328125
8 0.1708984375 0.3056640625 0.08203125 0.20703125
11 0.3486328125 0.150390625 0.0673828125 0.1806640625
7 0.4482421875 0.4375 0.0693359375 0.14453125
12 0.427734375 0.1630859375 0.0625 0.125
10 0.447265625 0.33203125 0.0576171875 0.10546875
10 0.279296875 0.1728515625 0.0673828125 0.115234375
10 0.267578125 0.3427734375 0.0556640625 0.11328125
10 0.3662109375 0.5673828125 0.0556640625 0.125
6 0.2724609375 0.0771484375 0.064453125 0.1298828125
3 0.26171875 0.6474609375 0.08203125 0.1611328125
1 0.5146484375 0.240234375 0.052734375 0.14453125
2 0.7763671875 0.310546875 0.0869140625 0.2021484375
4 0.693359375 0.349609375 0.05078125 0.11328125
4 0.5576171875 0.6708984375 0.0576171875 0.125
4 0.62109375 0.546875 0.0556640625 0.1181640625