9 0.5419921875 0.666015625 0.07421875 0.16796875
8 0.845703125 0.3212890625 0.0869140625 0.2138671875
11 0.666015625 0.15234375 0.0673828125 0.185546875
7 0.5625 0.4462890625 0.072265625 0.1513671875
12 0.5830078125 0.1630859375 0.064453125 0.1298828125
10 0.5625 0.3369140625 0.0576171875 0.1103515625
10 0.73828125 0.1787109375 0.0673828125 0.123046875
10 0.748046875 0.35546875 0.0576171875 0.115234375
10 0.6455078125 0.5830078125 0.060546875 0.1318359375
6 0.744140625 0.0849609375 0.0693359375 0.126953125
3 0.75390625 0.671875 0.083984375 0.1708984375
1 0.494140625 0.2392578125 0.0556640625 0.1513671875
2 0.22265625 0.298828125 0.0888671875 0.208984375
4 0.310546875 0.3427734375 0.052734375 0.1181640625
4 0.44921875 0.6806640625 0.0576171875 0.1298828125
4 0.384765625 0.55078125 0.0576171875 0.125