9 0.6181640625 0.3583984375 0.115234375 0.19921875
8 0.8857421875 0.794921875 0.13671875 0.251953125
11 0.6552734375 0.91796875 0.107421875 0.1640625
7 0.5986328125 0.6025390625 0.107421875 0.1796875
12 0.56640625 0.916015625 0.095703125 0.154296875
10 0.578125 0.72265625 0.083984375 0.1328125
10 0.73828125 0.9267578125 0.09765625 0.146484375
10 0.7841796875 0.7373046875 0.0859375 0.13671875
10 0.7158203125 0.46875 0.091796875 0.15625
6 0.7314453125 0.9775390625 0.091796875 0.044921875
3 0.8515625 0.392578125 0.125 0.203125
1 0.4833984375 0.81640625 0.08984375 0.17578125
2 0.197265625 0.697265625 0.13671875 0.24609375
4 0.3017578125 0.6669921875 0.080078125 0.138671875
4 0.5205078125 0.32421875 0.087890625 0.154296875
4 0.423828125 0.4541015625 0.087890625 0.1484375