5 0.1484375 0.54296875 0.109375 0.20703125
2 0.16015625 0.66015625 0.111328125 0.21484375
3 0.15625 0.728515625 0.08984375 0.14453125
3 0.138671875 0.38671875 0.103515625 0.146484375
1 0.169921875 0.830078125 0.076171875 0.158203125
1 0.14453125 0.2587890625 0.091796875 0.158203125
6 0.185546875 0.9052734375 0.078125 0.125
6 0.1328125 0.1103515625 0.103515625 0.15625
4 0.2490234375 0.1259765625 0.083984375 0.13671875
4 0.2548828125 0.287109375 0.0859375 0.1328125
4 0.2705078125 0.4072265625 0.078125 0.125
4 0.2587890625 0.5322265625 0.07421875 0.119140625
4 0.259765625 0.6298828125 0.068359375 0.1171875
4 0.2587890625 0.71875 0.06640625 0.119140625
4 0.2666015625 0.8212890625 0.060546875 0.115234375
4 0.2607421875 0.9169921875 0.060546875 0.119140625
11 0.8212890625 0.73828125 0.095703125 0.201171875
8 0.8505859375 0.6494140625 0.109375 0.228515625
9 0.8173828125 0.830078125 0.087890625 0.140625
9 0.8671875 0.49609375 0.09375 0.158203125
7 0.7890625 0.92578125 0.078125 0.1484375
7 0.8994140625 0.365234375 0.095703125 0.16796875
12 0.7724609375 0.9638671875 0.076171875 0.072265625
12 0.9326171875 0.2099609375 0.099609375 0.1640625
10 0.6943359375 0.962890625 0.060546875 0.07421875
10 0.6982421875 0.89453125 0.06640625 0.119140625
10 0.72265625 0.802734375 0.06640625 0.12109375
10 0.728515625 0.7109375 0.0703125 0.1171875
10 0.744140625 0.59765625 0.07421875 0.125
10 0.765625 0.474609375 0.072265625 0.126953125
10 0.7900390625 0.341796875 0.078125 0.1328125
10 0.8134765625 0.1923828125 0.087890625 0.1328125