5 0.203125 0.3857421875 0.0791015625 0.1806640625
2 0.2275390625 0.28125 0.0791015625 0.1875
3 0.23046875 0.21875 0.0673828125 0.125
3 0.1767578125 0.5263671875 0.0791015625 0.125
1 0.2548828125 0.126953125 0.052734375 0.1396484375
1 0.16796875 0.642578125 0.0673828125 0.13671875
6 0.2763671875 0.0576171875 0.0576171875 0.115234375
6 0.140625 0.7763671875 0.0791015625 0.134765625
4 0.248046875 0.775390625 0.0625 0.1181640625
4 0.2705078125 0.6298828125 0.064453125 0.115234375
4 0.2978515625 0.5224609375 0.0576171875 0.1083984375
4 0.3017578125 0.4072265625 0.0556640625 0.103515625
4 0.3134765625 0.3193359375 0.05078125 0.1005859375
4 0.322265625 0.2392578125 0.0478515625 0.103515625
4 0.341796875 0.146484375 0.04296875 0.1005859375
4 0.345703125 0.05859375 0.04296875 0.103515625
11 0.833984375 0.283203125 0.0673828125 0.177734375
8 0.8505859375 0.3681640625 0.0771484375 0.2021484375
9 0.841796875 0.19921875 0.0673828125 0.1201171875
9 0.849609375 0.5087890625 0.0693359375 0.13671875
7 0.828125 0.1044921875 0.0556640625 0.1416015625
7 0.8642578125 0.630859375 0.0693359375 0.146484375
12 0.8173828125 0.0517578125 0.0576171875 0.103515625
12 0.8759765625 0.775390625 0.07421875 0.1416015625
10 0.74609375 0.0478515625 0.0458984375 0.095703125
10 0.740234375 0.12890625 0.0478515625 0.103515625
10 0.751953125 0.2138671875 0.0478515625 0.10546875
10 0.748046875 0.2978515625 0.052734375 0.1005859375
10 0.7490234375 0.40234375 0.0556640625 0.1083984375
10 0.7548828125 0.5166015625 0.052734375 0.1103515625
10 0.76171875 0.6396484375 0.0576171875 0.115234375
10 0.7666015625 0.77734375 0.0673828125 0.11328125