5 0.763671875 0.3193359375 0.126953125 0.203125
2 0.7138671875 0.21875 0.12890625 0.2109375
3 0.6943359375 0.15625 0.099609375 0.14453125
3 0.8271484375 0.455078125 0.111328125 0.146484375
1 0.646484375 0.0732421875 0.08984375 0.146484375
1 0.865234375 0.5712890625 0.103515625 0.15625
6 0.6083984375 0.03515625 0.083984375 0.0703125
6 0.92578125 0.69921875 0.115234375 0.15625
4 0.8173828125 0.724609375 0.09375 0.134765625
4 0.7578125 0.583984375 0.09375 0.1328125
4 0.703125 0.4814453125 0.0859375 0.125
4 0.669921875 0.3662109375 0.08203125 0.119140625
4 0.6357421875 0.2802734375 0.076171875 0.115234375
4 0.6064453125 0.201171875 0.07421875 0.1171875
4 0.564453125 0.111328125 0.068359375 0.11328125
4 0.5380859375 0.0400390625 0.068359375 0.080078125
11 0.0986328125 0.375 0.11328125 0.197265625
8 0.1025390625 0.4638671875 0.12890625 0.224609375
9 0.0693359375 0.291015625 0.099609375 0.138671875
9 0.1396484375 0.607421875 0.10546875 0.15625
7 0.0595703125 0.19140625 0.091796875 0.158203125
7 0.15625 0.734375 0.107421875 0.166015625
12 0.05859375 0.142578125 0.08203125 0.10546875
12 0.1796875 0.8837890625 0.111328125 0.162109375
10 0.1298828125 0.12109375 0.06640625 0.09375
10 0.154296875 0.193359375 0.07421875 0.1171875
10 0.1640625 0.2841796875 0.07421875 0.119140625
10 0.1904296875 0.3681640625 0.080078125 0.115234375
10 0.21484375 0.474609375 0.083984375 0.123046875
10 0.23828125 0.591796875 0.08203125 0.125
10 0.26171875 0.7177734375 0.087890625 0.130859375
10 0.2919921875 0.859375 0.09765625 0.130859375