7 0.5556640625 0.4287109375 0.072265625 0.1416015625
12 0.5634765625 0.3369140625 0.060546875 0.134765625
9 0.5478515625 0.650390625 0.072265625 0.1611328125
8 0.833984375 0.298828125 0.08203125 0.2138671875
11 0.6552734375 0.1396484375 0.0693359375 0.177734375
10 0.7255859375 0.16015625 0.0576171875 0.11328125
10 0.740234375 0.333984375 0.0576171875 0.1103515625
10 0.642578125 0.5634765625 0.05078125 0.1181640625
6 0.7255859375 0.0634765625 0.0478515625 0.126953125
3 0.6513671875 0.41796875 0.0625 0.158203125
2 0.224609375 0.2958984375 0.0888671875 0.2021484375
4 0.5712890625 0.5380859375 0.0556640625 0.1103515625
4 0.4072265625 0.3388671875 0.0556640625 0.115234375
4 0.4541015625 0.6630859375 0.0576171875 0.1201171875