7 0.4384765625 0.4033203125 0.099609375 0.173828125
12 0.41796875 0.298828125 0.083984375 0.16015625
9 0.474609375 0.6572265625 0.1015625 0.1953125
8 0.1005859375 0.2861328125 0.119140625 0.259765625
11 0.291015625 0.1005859375 0.099609375 0.1796875
10 0.2099609375 0.1123046875 0.076171875 0.13671875
10 0.212890625 0.3154296875 0.08203125 0.1328125
10 0.3525390625 0.5703125 0.07421875 0.14453125
6 0.2021484375 0.0498046875 0.06640625 0.064453125
3 0.326171875 0.40234375 0.08984375 0.1875
2 0.8076171875 0.208984375 0.12890625 0.24609375
4 0.4326171875 0.53125 0.080078125 0.134765625
4 0.599609375 0.28125 0.076171875 0.140625
4 0.58203125 0.6630859375 0.083984375 0.1484375