7 0.484375 0.4072265625 0.119140625 0.181640625
12 0.4990234375 0.2998046875 0.1015625 0.166015625
9 0.4375 0.6611328125 0.125 0.201171875
8 0.197265625 0.1884765625 0.15234375 0.267578125
11 0.439453125 0.08203125 0.125 0.1640625
10 0.357421875 0.0625 0.09375 0.125
10 0.296875 0.25 0.095703125 0.140625
10 0.349609375 0.5380859375 0.091796875 0.15234375
6 0.3701171875 0.013671875 0.072265625 0.02734375
3 0.376953125 0.3681640625 0.115234375 0.197265625
2 0.8984375 0.3369140625 0.15625 0.2578125
4 0.4404296875 0.5283203125 0.09375 0.142578125
4 0.6767578125 0.341796875 0.09375 0.1484375
4 0.5390625 0.69921875 0.099609375 0.154296875