7 0.5234375 0.3095703125 0.1171875 0.185546875
12 0.51953125 0.2001953125 0.09765625 0.16796875
9 0.5458984375 0.5703125 0.119140625 0.20703125
8 0.8330078125 0.125 0.142578125 0.25
11 0.6064453125 0.0341796875 0.103515625 0.068359375
10 0.689453125 0.0185546875 0.078125 0.037109375
10 0.7275390625 0.1689453125 0.09375 0.140625
10 0.6484375 0.455078125 0.087890625 0.15234375
3 0.6357421875 0.2822265625 0.107421875 0.197265625
2 0.111328125 0.2001953125 0.150390625 0.259765625
4 0.5576171875 0.4345703125 0.091796875 0.142578125
4 0.3349609375 0.224609375 0.08984375 0.1484375
4 0.4404296875 0.599609375 0.095703125 0.15625