7 0.537109375 0.5830078125 0.103515625 0.154296875
12 0.5224609375 0.673828125 0.091796875 0.14453125
9 0.5830078125 0.365234375 0.109375 0.173828125
8 0.775390625 0.7763671875 0.130859375 0.2265625
11 0.5634765625 0.8876953125 0.109375 0.189453125
10 0.63671875 0.884765625 0.083984375 0.123046875
10 0.693359375 0.71875 0.08203125 0.12109375
10 0.6533203125 0.47265625 0.078125 0.126953125
6 0.6123046875 0.955078125 0.076171875 0.08984375
3 0.626953125 0.6162109375 0.099609375 0.16796875
2 0.18359375 0.6318359375 0.134765625 0.216796875
4 0.578125 0.48046875 0.080078125 0.12109375
4 0.37109375 0.6337890625 0.08203125 0.125
4 0.4951171875 0.3310546875 0.0859375 0.130859375