7 0.5341796875 0.37890625 0.09375 0.166015625
12 0.5322265625 0.275390625 0.080078125 0.15234375
9 0.5478515625 0.6220703125 0.099609375 0.18359375
8 0.828125 0.2060546875 0.1171875 0.24609375
11 0.61328125 0.076171875 0.09765625 0.15234375
10 0.6923828125 0.0634765625 0.076171875 0.126953125
10 0.728515625 0.251953125 0.078125 0.126953125
10 0.6455078125 0.5166015625 0.0703125 0.138671875
6 0.6884765625 0.0166015625 0.060546875 0.033203125
3 0.6396484375 0.3544921875 0.087890625 0.1796875
2 0.154296875 0.2646484375 0.12109375 0.236328125
4 0.5615234375 0.4970703125 0.076171875 0.130859375
4 0.361328125 0.294921875 0.07421875 0.134765625
4 0.44921875 0.646484375 0.078125 0.140625