7 0.416015625 0.37890625 0.08203125 0.15625
12 0.404296875 0.28125 0.0673828125 0.14453125
9 0.4326171875 0.6142578125 0.08203125 0.17578125
8 0.111328125 0.2490234375 0.09375 0.2333984375
11 0.30078125 0.0849609375 0.08203125 0.169921875
10 0.2236328125 0.0947265625 0.0625 0.123046875
10 0.2138671875 0.2822265625 0.0673828125 0.1181640625
10 0.326171875 0.5263671875 0.060546875 0.1298828125
6 0.220703125 0.0322265625 0.0576171875 0.064453125
3 0.3125 0.3701171875 0.072265625 0.16796875
2 0.767578125 0.2236328125 0.103515625 0.220703125
4 0.40234375 0.4951171875 0.064453125 0.1201171875
4 0.572265625 0.2763671875 0.0625 0.125
4 0.53125 0.6259765625 0.0673828125 0.1318359375