7 0.544921875 0.400390625 0.07421875 0.1513671875
12 0.552734375 0.302734375 0.0625 0.1396484375
9 0.533203125 0.6318359375 0.0771484375 0.16796875
8 0.83984375 0.2666015625 0.0888671875 0.2255859375
11 0.6513671875 0.09765625 0.0771484375 0.189453125
10 0.7275390625 0.1162109375 0.060546875 0.1181640625
10 0.740234375 0.30078125 0.0625 0.115234375
10 0.6357421875 0.5419921875 0.0556640625 0.126953125
6 0.728515625 0.0458984375 0.052734375 0.08203125
3 0.646484375 0.388671875 0.0673828125 0.166015625
2 0.1962890625 0.2548828125 0.09375 0.216796875
4 0.55859375 0.515625 0.060546875 0.1181640625
4 0.3896484375 0.3037109375 0.0576171875 0.123046875
4 0.4375 0.6455078125 0.0625 0.126953125