7 0.41015625 0.3564453125 0.1015625 0.16796875
12 0.4140625 0.2529296875 0.0859375 0.15625
9 0.3828125 0.6005859375 0.103515625 0.1875
8 0.1220703125 0.169921875 0.123046875 0.248046875
11 0.3408203125 0.0625 0.095703125 0.125
10 0.26171875 0.0498046875 0.08203125 0.099609375
10 0.220703125 0.22265625 0.080078125 0.130859375
10 0.2919921875 0.4912109375 0.07421875 0.13671875
3 0.3046875 0.330078125 0.09375 0.185546875
2 0.7939453125 0.2607421875 0.12890625 0.236328125
4 0.375 0.474609375 0.078125 0.130859375
4 0.5859375 0.2802734375 0.078125 0.134765625
4 0.484375 0.6298828125 0.08203125 0.140625