6 0.1416015625 0.75 0.0771484375 0.1396484375
2 0.255859375 0.6083984375 0.083984375 0.20703125
5 0.3798828125 0.3017578125 0.0625 0.1708984375
4 0.30078125 0.232421875 0.0478515625 0.1083984375
4 0.28125 0.41015625 0.052734375 0.1083984375
4 0.357421875 0.513671875 0.0556640625 0.1083984375
4 0.4638671875 0.306640625 0.052734375 0.103515625
3 0.5419921875 0.3974609375 0.060546875 0.13671875
7 0.54296875 0.611328125 0.0625 0.146484375
11 0.623046875 0.294921875 0.0673828125 0.17578125
8 0.71484375 0.373046875 0.07421875 0.197265625
9 0.626953125 0.498046875 0.0625 0.14453125
10 0.5458984375 0.306640625 0.0478515625 0.103515625
10 0.6943359375 0.216796875 0.0478515625 0.10546875
10 0.7236328125 0.6201171875 0.0576171875 0.115234375
10 0.6962890625 0.0634765625 0.05078125 0.09375
12 0.7744140625 0.064453125 0.0576171875 0.095703125
12 0.337890625 0.7333984375 0.0693359375 0.1494140625