6 0.1494140625 0.236328125 0.083984375 0.140625
2 0.265625 0.37890625 0.09375 0.2109375
5 0.3916015625 0.689453125 0.072265625 0.173828125
4 0.310546875 0.7568359375 0.0546875 0.107421875
4 0.2919921875 0.5771484375 0.056640625 0.107421875
4 0.3681640625 0.4794921875 0.0625 0.111328125
4 0.4765625 0.6865234375 0.05859375 0.10546875
3 0.552734375 0.5966796875 0.064453125 0.140625
7 0.552734375 0.3837890625 0.0703125 0.1484375
11 0.6337890625 0.701171875 0.076171875 0.181640625
8 0.7255859375 0.626953125 0.083984375 0.19921875
9 0.63671875 0.4990234375 0.0703125 0.150390625
10 0.556640625 0.6884765625 0.0546875 0.10546875
10 0.7060546875 0.7822265625 0.052734375 0.107421875
10 0.732421875 0.37890625 0.064453125 0.1171875
10 0.708984375 0.9375 0.0546875 0.103515625
12 0.78515625 0.9365234375 0.06640625 0.103515625
12 0.3466796875 0.2568359375 0.076171875 0.15234375