6 0.9169921875 0.203125 0.091796875 0.158203125
2 0.783203125 0.3564453125 0.1015625 0.234375
5 0.6328125 0.6943359375 0.076171875 0.193359375
4 0.71875 0.775390625 0.05859375 0.123046875
4 0.7470703125 0.5771484375 0.064453125 0.123046875
4 0.6669921875 0.458984375 0.06640625 0.123046875
4 0.5390625 0.6865234375 0.064453125 0.1171875
3 0.455078125 0.580078125 0.072265625 0.15625
7 0.462890625 0.341796875 0.076171875 0.166015625
11 0.361328125 0.6923828125 0.08203125 0.19921875
8 0.2607421875 0.6025390625 0.08984375 0.22265625
9 0.3642578125 0.4658203125 0.076171875 0.1640625
10 0.447265625 0.6826171875 0.05859375 0.1171875
10 0.2783203125 0.77734375 0.05859375 0.119140625
10 0.26171875 0.32421875 0.068359375 0.130859375
10 0.2705078125 0.943359375 0.060546875 0.09765625
12 0.18359375 0.939453125 0.068359375 0.1015625
12 0.6962890625 0.2138671875 0.083984375 0.169921875