6 0.2470703125 0.849609375 0.111328125 0.15234375
2 0.3154296875 0.6806640625 0.13671875 0.22265625
5 0.3447265625 0.3515625 0.107421875 0.181640625
4 0.2490234375 0.310546875 0.076171875 0.115234375
4 0.2822265625 0.486328125 0.078125 0.115234375
4 0.3837890625 0.5576171875 0.083984375 0.119140625
4 0.42578125 0.330078125 0.080078125 0.115234375
3 0.5244140625 0.392578125 0.09375 0.1484375
7 0.5859375 0.5947265625 0.099609375 0.15625
11 0.5712890625 0.26953125 0.11328125 0.189453125
8 0.6787109375 0.3134765625 0.125 0.20703125
9 0.6328125 0.4599609375 0.099609375 0.158203125
10 0.5009765625 0.3046875 0.076171875 0.11328125
10 0.6162109375 0.1728515625 0.07421875 0.115234375
10 0.7568359375 0.5458984375 0.087890625 0.125
10 0.572265625 0.0400390625 0.07421875 0.080078125
12 0.64453125 0.029296875 0.0859375 0.05859375
12 0.427734375 0.7734375 0.10546875 0.162109375