6 0.125 0.7939453125 0.087890625 0.1484375
2 0.2451171875 0.630859375 0.099609375 0.2265625
5 0.3671875 0.29296875 0.07421875 0.185546875
4 0.2802734375 0.2265625 0.056640625 0.115234375
4 0.2646484375 0.41796875 0.0625 0.115234375
4 0.3505859375 0.51953125 0.06640625 0.1171875
4 0.45703125 0.291015625 0.060546875 0.11328125
3 0.5419921875 0.3798828125 0.068359375 0.1484375
7 0.5498046875 0.6083984375 0.072265625 0.158203125
11 0.626953125 0.2646484375 0.080078125 0.193359375
8 0.7255859375 0.3408203125 0.087890625 0.2109375
9 0.6357421875 0.4814453125 0.0703125 0.158203125
10 0.54296875 0.28515625 0.0546875 0.11328125
10 0.7001953125 0.1748046875 0.0546875 0.115234375
10 0.7431640625 0.603515625 0.068359375 0.126953125
10 0.6962890625 0.033203125 0.056640625 0.06640625
12 0.779296875 0.0283203125 0.06640625 0.056640625
12 0.3359375 0.7568359375 0.08203125 0.162109375