6 0.8349609375 0.7724609375 0.0791015625 0.13671875
2 0.7255859375 0.626953125 0.0869140625 0.20703125
5 0.611328125 0.31640625 0.064453125 0.1708984375
4 0.693359375 0.251953125 0.05078125 0.10546875
4 0.70703125 0.4306640625 0.052734375 0.10546875
4 0.626953125 0.525390625 0.0576171875 0.1083984375
4 0.52734375 0.31640625 0.0556640625 0.103515625
3 0.4482421875 0.40234375 0.060546875 0.13671875
7 0.44140625 0.61328125 0.064453125 0.14453125
11 0.37109375 0.2958984375 0.0693359375 0.177734375
8 0.279296875 0.3662109375 0.0771484375 0.1943359375
9 0.361328125 0.49609375 0.064453125 0.146484375
10 0.4482421875 0.3115234375 0.05078125 0.103515625
10 0.302734375 0.2138671875 0.0478515625 0.10546875
10 0.263671875 0.611328125 0.060546875 0.11328125
10 0.306640625 0.060546875 0.05078125 0.1005859375
12 0.23046875 0.0576171875 0.0625 0.1005859375
12 0.640625 0.7451171875 0.0693359375 0.1494140625