6 0.095703125 0.255859375 0.087890625 0.150390625
2 0.2275390625 0.4052734375 0.1015625 0.2265625
5 0.3779296875 0.728515625 0.076171875 0.185546875
4 0.2978515625 0.8017578125 0.056640625 0.115234375
4 0.265625 0.61328125 0.0625 0.115234375
4 0.3408203125 0.505859375 0.06640625 0.1171875
4 0.4658203125 0.72265625 0.0625 0.11328125
3 0.54296875 0.626953125 0.068359375 0.1484375
7 0.53125 0.400390625 0.07421875 0.158203125
11 0.6357421875 0.7333984375 0.083984375 0.193359375
8 0.7265625 0.650390625 0.08984375 0.2109375
9 0.626953125 0.5185546875 0.072265625 0.158203125
10 0.552734375 0.7197265625 0.056640625 0.11328125
10 0.7158203125 0.81640625 0.0546875 0.115234375
10 0.720703125 0.3896484375 0.0703125 0.126953125
10 0.7265625 0.95703125 0.056640625 0.06640625
12 0.806640625 0.955078125 0.068359375 0.0625
12 0.3076171875 0.2734375 0.083984375 0.16015625