6 0.1142578125 0.765625 0.0791015625 0.1416015625
2 0.234375 0.61328125 0.0888671875 0.216796875
5 0.3642578125 0.291015625 0.064453125 0.177734375
4 0.2822265625 0.2236328125 0.05078125 0.1103515625
4 0.2607421875 0.408203125 0.0556640625 0.1103515625
4 0.33984375 0.509765625 0.060546875 0.1103515625
4 0.451171875 0.2919921875 0.0556640625 0.1083984375
3 0.5302734375 0.380859375 0.060546875 0.1416015625
7 0.5302734375 0.6025390625 0.064453125 0.1513671875
11 0.615234375 0.2724609375 0.072265625 0.185546875
8 0.708984375 0.3486328125 0.0771484375 0.2021484375
9 0.6181640625 0.482421875 0.0625 0.1513671875
10 0.53515625 0.2900390625 0.05078125 0.1083984375
10 0.689453125 0.1875 0.0478515625 0.1103515625
10 0.716796875 0.603515625 0.0625 0.1201171875
10 0.6923828125 0.041015625 0.052734375 0.08203125
12 0.771484375 0.0380859375 0.0625 0.076171875
12 0.318359375 0.73828125 0.07421875 0.154296875