6 0.212890625 0.166015625 0.109375 0.15625
2 0.2900390625 0.3330078125 0.1328125 0.22265625
5 0.3369140625 0.6630859375 0.103515625 0.181640625
4 0.2421875 0.7119140625 0.07421875 0.1171875
4 0.2666015625 0.533203125 0.078125 0.119140625
4 0.3662109375 0.4501953125 0.080078125 0.119140625
4 0.419921875 0.6796875 0.078125 0.115234375
3 0.51953125 0.6083984375 0.091796875 0.1484375
7 0.572265625 0.3994140625 0.09765625 0.16015625
11 0.572265625 0.7294921875 0.109375 0.1875
8 0.6826171875 0.67578125 0.12109375 0.2109375
9 0.626953125 0.53125 0.09765625 0.15625
10 0.5009765625 0.69921875 0.072265625 0.11328125
10 0.625 0.82421875 0.072265625 0.115234375
10 0.751953125 0.4345703125 0.0859375 0.126953125
10 0.5869140625 0.9609375 0.072265625 0.078125
12 0.6650390625 0.96875 0.080078125 0.0625
12 0.4013671875 0.2294921875 0.10546875 0.162109375