11 0.37980769140625 0.064903845703125 0.3125 0.064903845703125 0.3125 0.2427884609375 0.37980769140625 0.2427884609375 0.37980769140625 0.064903845703125
7 0.38701923046875 0.35576923046875 0.326923076171875 0.35576923046875 0.326923076171875 0.502403845703125 0.38701923046875 0.502403845703125 0.38701923046875 0.35576923046875
12 0.2259615390625 0.02644230859375 0.170673076171875 0.02644230859375 0.170673076171875 0.153846154296875 0.2259615390625 0.153846154296875 0.2259615390625 0.02644230859375
7 0.21394230859375 0.079326923828125 0.15625 0.079326923828125 0.15625 0.221153845703125 0.21394230859375 0.221153845703125 0.21394230859375 0.079326923828125
8 0.20673076953125 0.19951923046875 0.12980769140625 0.19951923046875 0.12980769140625 0.408653845703125 0.20673076953125 0.408653845703125 0.20673076953125 0.19951923046875
10 0.30048076953125 0.108173076171875 0.24519230859375 0.108173076171875 0.24519230859375 0.22355769140625 0.30048076953125 0.22355769140625 0.30048076953125 0.108173076171875
10 0.28605769140625 0.283653845703125 0.233173076171875 0.283653845703125 0.233173076171875 0.391826923828125 0.28605769140625 0.391826923828125 0.28605769140625 0.283653845703125
10 0.290865384765625 0.3822115390625 0.23076923046875 0.3822115390625 0.23076923046875 0.4927884609375 0.290865384765625 0.4927884609375 0.290865384765625 0.3822115390625
10 0.384615384765625 0.502403845703125 0.32451923046875 0.502403845703125 0.32451923046875 0.62019230859375 0.384615384765625 0.62019230859375 0.384615384765625 0.502403845703125
2 0.810096154296875 0.19951923046875 0.728365384765625 0.19951923046875 0.728365384765625 0.403846154296875 0.810096154296875 0.403846154296875 0.810096154296875 0.19951923046875
9 0.283653845703125 0.7115384609375 0.197115384765625 0.7115384609375 0.197115384765625 0.8677884609375 0.283653845703125 0.8677884609375 0.283653845703125 0.7115384609375
3 0.283653845703125 0.56730769140625 0.204326923828125 0.56730769140625 0.204326923828125 0.721153845703125 0.283653845703125 0.721153845703125 0.283653845703125 0.56730769140625
3 0.4759615390625 0.185096154296875 0.408653845703125 0.185096154296875 0.408653845703125 0.3125 0.4759615390625 0.3125 0.4759615390625 0.185096154296875
1 0.625 0.084134615234375 0.572115384765625 0.084134615234375 0.572115384765625 0.228365384765625 0.625 0.228365384765625 0.625 0.084134615234375
6 0.596153845703125 0.01923076953125 0.54326923046875 0.01923076953125 0.54326923046875 0.146634615234375 0.596153845703125 0.146634615234375 0.596153845703125 0.01923076953125
6 0.54326923046875 0.278846154296875 0.48076923046875 0.278846154296875 0.48076923046875 0.40625 0.54326923046875 0.40625 0.54326923046875 0.278846154296875
4 0.7740384609375 0.728365384765625 0.7115384609375 0.728365384765625 0.7115384609375 0.84375 0.7740384609375 0.84375 0.7740384609375 0.728365384765625
4 0.4447115390625 0.122596154296875 0.396634615234375 0.122596154296875 0.396634615234375 0.23076923046875 0.4447115390625 0.23076923046875 0.4447115390625 0.122596154296875
4 0.7115384609375 0.28605769140625 0.65625 0.28605769140625 0.65625 0.396634615234375 0.7115384609375 0.396634615234375 0.7115384609375 0.28605769140625
4 0.634615384765625 0.48076923046875 0.584134615234375 0.48076923046875 0.584134615234375 0.6009615390625 0.634615384765625 0.6009615390625 0.634615384765625 0.48076923046875
4 0.56730769140625 0.60576923046875 0.514423076171875 0.60576923046875 0.514423076171875 0.72355769140625 0.56730769140625 0.72355769140625 0.56730769140625 0.60576923046875