11 0.216685748046875 0.93143564453125 0.287781916015625 0.941427560546875 0.31418912109375 0.753530541015625 0.243092951171875 0.743538626953125 0.216685748046875 0.93143564453125
7 0.27509998828125 0.62633975390625 0.3385787109375 0.63526110546875 0.360346810546875 0.4803730234375 0.296868087890625 0.471451671875 0.27509998828125 0.62633975390625
12 0.120637283203125 0.951597833984375 0.13847998828125 0.824640388671875 0.08007956640625 0.816432744140625 0.062236861328125 0.943390189453125 0.120637283203125 0.951597833984375
7 0.0537821953125 0.893005234375 0.114721767578125 0.901569734375 0.13577616015625 0.75175994921875 0.074836587890625 0.743195451171875 0.0537821953125 0.893005234375
8 0.04369426171875 0.762122396484375 0.124947025390625 0.773541728515625 0.155993333984375 0.5526357734375 0.074740568359375 0.54121644140625 0.04369426171875 0.762122396484375
10 0.152012953125 0.87573905078125 0.210413376953125 0.8839466953125 0.227542373046875 0.762067546875 0.169141951171875 0.75385990234375 0.152012953125 0.87573905078125
10 0.16536755859375 0.688596912109375 0.221228833984375 0.696447701171875 0.237287267578125 0.582186001953125 0.1814259921875 0.5743352109375 0.16536755859375 0.688596912109375
10 0.17745942578125 0.584134953125 0.2409381484375 0.5930563046875 0.2573534375 0.476255455078125 0.19387471484375 0.467334103515625 0.17745942578125 0.584134953125
10 0.294328939453125 0.47109481640625 0.357807662109375 0.480016169921875 0.37529351171875 0.355597875 0.3118147890625 0.346676521484375 0.294328939453125 0.47109481640625
2 0.675942337890625 0.850979068359375 0.7622733984375 0.863112107421875 0.792605998046875 0.647284451171875 0.706274935546875 0.635151412109375 0.675942337890625 0.850979068359375
9 0.19080035546875 0.231275595703125 0.282209716796875 0.24412234375 0.305405232421875 0.079077666015625 0.21399587109375 0.06623091796875 0.19080035546875 0.231275595703125
3 0.177006556640625 0.384695091796875 0.260798470703125 0.39647127734375 0.2836371328125 0.233965748046875 0.19984521875 0.2221895625 0.177006556640625 0.384695091796875
3 0.336094408203125 0.818752365234375 0.407190578125 0.82874428125 0.426103845703125 0.694169390625 0.35500767578125 0.684177474609375 0.336094408203125 0.818752365234375
1 0.49376866015625 0.949662697265625 0.5496299375 0.95751348828125 0.57104118359375 0.8051645546875 0.515179908203125 0.797313763671875 0.49376866015625 0.949662697265625
6 0.512587228515625 1 0.52843835546875 0.8872133671875 0.47257708203125 0.879362578125 0.4558049375 0.998702576171875 0.46503658984375 1 0.512587228515625 1
6 0.426186185546875 0.730431181640625 0.492204056640625 0.739709388671875 0.51111732421875 0.605134498046875 0.445099453125 0.595856291015625 0.426186185546875 0.730431181640625
4 0.736676197265625 0.28986833203125 0.802694068359375 0.2991465390625 0.819823064453125 0.177267392578125 0.7538051953125 0.167989185546875 0.736676197265625 0.28986833203125
4 0.314120458984375 0.882985966796875 0.364903435546875 0.890123048828125 0.38096187109375 0.77586134765625 0.330178892578125 0.768724265625 0.314120458984375 0.882985966796875
4 0.6126146171875 0.748864083984375 0.67101504296875 0.757071728515625 0.687430330078125 0.640270880859375 0.62902990625 0.632063236328125 0.6126146171875 0.748864083984375
4 0.565345333984375 0.53248740234375 0.6186674609375 0.539981337890625 0.636510166015625 0.413023892578125 0.5831880390625 0.40552995703125 0.565345333984375 0.53248740234375
4 0.5102664296875 0.390102888671875 0.566127703125 0.3979536796875 0.5836135546875 0.273535384765625 0.527752279296875 0.26568459375 0.5102664296875 0.390102888671875