11 0.810613748046875 0.103990220703125 0.741658720703125 0.08679780078125 0.69622161328125 0.2690360859375 0.765176640625 0.286228505859375 0.810613748046875 0.103990220703125
7 0.721541861328125 0.3982903515625 0.659974873046875 0.382939978515625 0.6225199609375 0.533163427734375 0.68408694921875 0.54851380078125 0.721541861328125 0.3982903515625
12 0.90909444921875 0.08669188671875 0.87655165625 0.217213900390625 0.93319328515625 0.231336244140625 0.965736078125 0.100814232421875 0.90909444921875 0.08669188671875
7 0.967003826171875 0.15867726953125 0.90789951953125 0.14394091015625 0.87167263671875 0.289239001953125 0.930776943359375 0.303975361328125 0.967003826171875 0.15867726953125
8 0.9633925546875 0.288565412109375 0.88458680859375 0.268916931640625 0.8311675078125 0.483170048828125 0.909973251953125 0.50281852734375 0.9633925546875 0.288565412109375
10 0.868516505859375 0.16551087109375 0.811874876953125 0.15138852734375 0.782402158203125 0.26959714453125 0.839043787109375 0.28371948828125 0.868516505859375 0.16551087109375
10 0.836006810546875 0.348356548828125 0.781827861328125 0.334848220703125 0.7541971875 0.445668798828125 0.80837613671875 0.45917712890625 0.836006810546875 0.348356548828125
10 0.813294876953125 0.449940423828125 0.751727888671875 0.43459005078125 0.723483201171875 0.54787330859375 0.7850501875 0.563223681640625 0.813294876953125 0.449940423828125
10 0.686549626953125 0.54912781640625 0.624982640625 0.53377744140625 0.594895908203125 0.65444873828125 0.65646289453125 0.669799111328125 0.686549626953125 0.54912781640625
2 0.350185357421875 0.135675685546875 0.266454251953125 0.11479917578125 0.21426298046875 0.324126935546875 0.297994083984375 0.345003443359375 0.350185357421875 0.135675685546875
9 0.76365233984375 0.7959237265625 0.674995876953125 0.773819189453125 0.635084904296875 0.93389335546875 0.7237413671875 0.95599789453125 0.76365233984375 0.7959237265625
3 0.79310519921875 0.646320912109375 0.711836775390625 0.62605841796875 0.672539818359375 0.78366990625 0.7538082421875 0.8039323984375 0.79310519921875 0.646320912109375
3 0.6814058203125 0.20256359765625 0.612450794921875 0.185371177734375 0.579908 0.315893193359375 0.64886302734375 0.333085611328125 0.6814058203125 0.20256359765625
1 0.5397322421875 0.057378041015625 0.48555329296875 0.0438697109375 0.44871239453125 0.191630482421875 0.502891345703125 0.205138810546875 0.5397322421875 0.057378041015625
6 0.52788048828125 0 0.49914105859375 0.11526755859375 0.553320005859375 0.12877588671875 0.58402075390625 0.005641912109375 0.561392279296875 0 0.52788048828125 0
6 0.583578849609375 0.280187650390625 0.51954918359375 0.26422326171875 0.487006390625 0.394745275390625 0.55103605859375 0.4107096640625 0.583578849609375 0.280187650390625
4 0.2323408203125 0.68176328125 0.16831115234375 0.665798892578125 0.13883843359375 0.7840075078125 0.2028681015625 0.799971896484375 0.2323408203125 0.68176328125
4 0.709683607421875 0.14160400390625 0.660430017578125 0.129323705078125 0.63279934375 0.24014428515625 0.68205293359375 0.252424583984375 0.709683607421875 0.14160400390625
4 0.401961201171875 0.242752595703125 0.345319572265625 0.228630251953125 0.317074884765625 0.3419135078125 0.373716513671875 0.356035853515625 0.401961201171875 0.242752595703125
4 0.426106376953125 0.4606500859375 0.374390107421875 0.447755771484375 0.343689359375 0.57088974609375 0.39540562890625 0.583784060546875 0.426106376953125 0.4606500859375
4 0.465595302734375 0.606515853515625 0.411416353515625 0.5930075234375 0.381329619140625 0.7136788203125 0.4355085703125 0.727187150390625 0.465595302734375 0.606515853515625