8 0.8818359375 0.669921875 0.119140625 0.236328125
10 0.783203125 0.822265625 0.08203125 0.125
10 0.7763671875 0.638671875 0.0859375 0.134765625
12 0.591796875 0.677734375 0.08984375 0.158203125
7 0.5712890625 0.5712890625 0.09375 0.16796875
10 0.646484375 0.421875 0.087890625 0.13671875
11 0.23828125 0.7509765625 0.11328125 0.20703125
2 0.32421875 0.7451171875 0.119140625 0.2265625
6 0.798828125 0.91015625 0.083984375 0.111328125
4 0.6728515625 0.5478515625 0.078125 0.134765625
4 0.4384765625 0.341796875 0.0859375 0.13671875
4 0.4306640625 0.6923828125 0.076171875 0.1328125