8 0.1513671875 0.28125 0.0869140625 0.220703125
10 0.267578125 0.1474609375 0.064453125 0.11328125
10 0.25 0.326171875 0.0673828125 0.123046875
12 0.4326171875 0.3134765625 0.0673828125 0.146484375
7 0.4384765625 0.419921875 0.0693359375 0.15625
10 0.3447265625 0.552734375 0.0693359375 0.125
11 0.78515625 0.291015625 0.083984375 0.1923828125
2 0.701171875 0.283203125 0.0888671875 0.2119140625
6 0.2646484375 0.0556640625 0.0673828125 0.1103515625
4 0.337890625 0.427734375 0.060546875 0.125
4 0.5361328125 0.658203125 0.0673828125 0.125
4 0.591796875 0.3212890625 0.0576171875 0.123046875