8 0.0625 0.62890625 0.125 0.2578125
10 0.1435546875 0.7998046875 0.09765625 0.13671875
10 0.16796875 0.60546875 0.1015625 0.146484375
12 0.3603515625 0.6630859375 0.107421875 0.171875
7 0.3916015625 0.5517578125 0.11328125 0.18359375
10 0.3251953125 0.38671875 0.10546875 0.150390625
11 0.7294921875 0.7744140625 0.13671875 0.2265625
2 0.6376953125 0.76171875 0.146484375 0.248046875
6 0.119140625 0.880859375 0.091796875 0.099609375
4 0.2861328125 0.517578125 0.09375 0.1484375
4 0.5546875 0.3212890625 0.1015625 0.150390625
4 0.5302734375 0.6943359375 0.091796875 0.14453125