2 0.2099609375 0.29296875 0.0888671875 0.216796875
1 0.3896484375 0.1474609375 0.052734375 0.146484375
6 0.41796875 0.0712890625 0.0673828125 0.1318359375
6 0.466796875 0.439453125 0.0771484375 0.1630859375
4 0.298828125 0.337890625 0.060546875 0.123046875
4 0.232421875 0.7900390625 0.064453125 0.126953125
4 0.4375 0.6787109375 0.0673828125 0.1318359375
4 0.375 0.5400390625 0.0576171875 0.1318359375
4 0.5771484375 0.17578125 0.052734375 0.1103515625
4 0.4990234375 0.169921875 0.060546875 0.11328125
3 0.388671875 0.3330078125 0.0693359375 0.1611328125
3 0.54296875 0.79296875 0.0771484375 0.1728515625
11 0.650390625 0.1396484375 0.0693359375 0.1875
9 0.7568359375 0.80859375 0.091796875 0.1708984375
12 0.8056640625 0.0830078125 0.0673828125 0.1318359375
7 0.63671875 0.4326171875 0.072265625 0.1630859375
7 0.8125 0.146484375 0.0673828125 0.16796875
8 0.8427734375 0.4150390625 0.0986328125 0.2138671875
10 0.5830078125 0.07421875 0.060546875 0.115234375
10 0.724609375 0.1611328125 0.060546875 0.1201171875
10 0.740234375 0.337890625 0.052734375 0.1181640625
10 0.73828125 0.443359375 0.0625 0.123046875
10 0.6357421875 0.5693359375 0.0693359375 0.1298828125