2 0.23828125 0.2919921875 0.0869140625 0.2138671875
1 0.40625 0.146484375 0.052734375 0.14453125
6 0.431640625 0.06640625 0.064453125 0.1318359375
6 0.4892578125 0.42578125 0.07421875 0.158203125
4 0.326171875 0.3330078125 0.060546875 0.1181640625
4 0.2744140625 0.7744140625 0.0625 0.125
4 0.470703125 0.66015625 0.0673828125 0.126953125
4 0.4052734375 0.5263671875 0.060546875 0.1298828125
4 0.5888671875 0.1650390625 0.052734375 0.1083984375
4 0.513671875 0.162109375 0.060546875 0.1083984375
3 0.41015625 0.32421875 0.0693359375 0.154296875
3 0.576171875 0.765625 0.07421875 0.166015625
11 0.658203125 0.12890625 0.072265625 0.185546875
9 0.7861328125 0.7744140625 0.091796875 0.1630859375
12 0.8076171875 0.0673828125 0.0673828125 0.1298828125
7 0.65625 0.4130859375 0.072265625 0.158203125
7 0.8173828125 0.1298828125 0.0673828125 0.1630859375
8 0.8525390625 0.388671875 0.0986328125 0.208984375
10 0.58984375 0.068359375 0.060546875 0.11328125
10 0.732421875 0.1474609375 0.060546875 0.1181640625
10 0.751953125 0.3173828125 0.052734375 0.115234375
10 0.751953125 0.4208984375 0.0625 0.1201171875
10 0.658203125 0.544921875 0.0673828125 0.126953125