2 0.77734375 0.720703125 0.1015625 0.224609375
1 0.5869140625 0.859375 0.060546875 0.15234375
6 0.5537109375 0.9326171875 0.076171875 0.134765625
6 0.5244140625 0.5576171875 0.0859375 0.169921875
4 0.6884765625 0.669921875 0.068359375 0.12890625
4 0.78125 0.21484375 0.072265625 0.1328125
4 0.56640625 0.3154296875 0.076171875 0.138671875
4 0.6220703125 0.4619140625 0.06640625 0.13671875
4 0.3974609375 0.8212890625 0.05859375 0.115234375
4 0.4765625 0.8310546875 0.068359375 0.119140625
3 0.59765625 0.669921875 0.080078125 0.16796875
3 0.4638671875 0.1943359375 0.087890625 0.1796875
11 0.3212890625 0.853515625 0.08203125 0.1953125
9 0.248046875 0.166015625 0.1015625 0.177734375
12 0.16015625 0.90234375 0.076171875 0.138671875
7 0.349609375 0.5556640625 0.08203125 0.169921875
7 0.1552734375 0.837890625 0.078125 0.17578125
8 0.1396484375 0.5634765625 0.111328125 0.22265625
10 0.3857421875 0.9228515625 0.068359375 0.12109375
10 0.24609375 0.828125 0.068359375 0.125
10 0.2392578125 0.646484375 0.060546875 0.123046875
10 0.248046875 0.5400390625 0.0703125 0.12890625
10 0.3583984375 0.416015625 0.078125 0.13671875