2 0.833984375 0.337890625 0.125 0.234375
1 0.6748046875 0.1611328125 0.078125 0.158203125
6 0.6572265625 0.0830078125 0.087890625 0.13671875
6 0.548828125 0.447265625 0.10546875 0.1796875
4 0.736328125 0.3701171875 0.08203125 0.134765625
4 0.7314453125 0.841796875 0.087890625 0.140625
4 0.5390625 0.6962890625 0.08984375 0.146484375
4 0.6259765625 0.564453125 0.080078125 0.14453125
4 0.478515625 0.1591796875 0.072265625 0.12109375
4 0.55859375 0.1650390625 0.080078125 0.125
3 0.646484375 0.3515625 0.09765625 0.17578125
3 0.4130859375 0.7958984375 0.107421875 0.189453125
11 0.4091796875 0.1103515625 0.1015625 0.203125
9 0.1923828125 0.77734375 0.12109375 0.189453125
12 0.259765625 0.05078125 0.08984375 0.1015625
7 0.3759765625 0.412109375 0.099609375 0.177734375
7 0.2421875 0.091796875 0.095703125 0.181640625
8 0.16796875 0.3603515625 0.134765625 0.234375
10 0.4873046875 0.0595703125 0.080078125 0.119140625
10 0.330078125 0.1201171875 0.08203125 0.1328125
10 0.28515625 0.298828125 0.072265625 0.12890625
10 0.2705078125 0.4072265625 0.083984375 0.134765625
10 0.3544921875 0.5517578125 0.091796875 0.14453125