2 0.2724609375 0.7470703125 0.1484375 0.25
1 0.4892578125 0.8564453125 0.09375 0.166015625
6 0.53515625 0.927734375 0.1015625 0.14453125
6 0.5029296875 0.5400390625 0.12109375 0.1875
4 0.3544921875 0.6796875 0.09375 0.140625
4 0.18359375 0.228515625 0.099609375 0.1484375
4 0.421875 0.296875 0.10546875 0.15234375
4 0.3876953125 0.4560546875 0.09765625 0.15234375
4 0.677734375 0.7890625 0.083984375 0.12890625
4 0.59765625 0.8115234375 0.091796875 0.130859375
3 0.4462890625 0.6669921875 0.115234375 0.181640625
3 0.5048828125 0.1572265625 0.123046875 0.1953125
11 0.759765625 0.80859375 0.125 0.21484375
9 0.7236328125 0.095703125 0.138671875 0.19140625
12 0.9326171875 0.8349609375 0.103515625 0.154296875
7 0.68359375 0.5087890625 0.1171875 0.1875
7 0.927734375 0.765625 0.11328125 0.189453125
8 0.896484375 0.4833984375 0.16015625 0.24609375
10 0.7041015625 0.8896484375 0.09375 0.134765625
10 0.8330078125 0.76953125 0.09375 0.140625
10 0.8095703125 0.5849609375 0.0859375 0.13671875
10 0.783203125 0.4755859375 0.09765625 0.142578125
10 0.650390625 0.3701171875 0.10546875 0.15234375