2 0.2314453125 0.2451171875 0.123046875 0.240234375
1 0.431640625 0.115234375 0.078125 0.16015625
6 0.4677734375 0.0537109375 0.083984375 0.107421875
6 0.478515625 0.423828125 0.103515625 0.1796875
4 0.3193359375 0.30078125 0.08203125 0.1328125
4 0.1982421875 0.7626953125 0.0859375 0.142578125
4 0.423828125 0.669921875 0.08984375 0.14453125
4 0.3740234375 0.5185546875 0.083984375 0.146484375
4 0.623046875 0.162109375 0.072265625 0.123046875
4 0.54296875 0.1484375 0.080078125 0.125
3 0.4091796875 0.3046875 0.09765625 0.173828125
3 0.51953125 0.798828125 0.103515625 0.1875
11 0.7021484375 0.1337890625 0.103515625 0.20703125
9 0.7412109375 0.8388671875 0.12109375 0.1875
12 0.8681640625 0.1044921875 0.087890625 0.123046875
7 0.6572265625 0.4365234375 0.099609375 0.1796875
7 0.8701171875 0.158203125 0.095703125 0.18359375
8 0.869140625 0.4384765625 0.134765625 0.236328125
10 0.6376953125 0.0673828125 0.078125 0.11328125
10 0.77734375 0.1650390625 0.08203125 0.1328125
10 0.7734375 0.3486328125 0.07421875 0.130859375
10 0.7587890625 0.4580078125 0.083984375 0.13671875
10 0.640625 0.576171875 0.08984375 0.14453125