11 0.2138671875 0.8447265625 0.12890625 0.19921875
8 0.0869140625 0.5185546875 0.1640625 0.2734375
12 0.041015625 0.8525390625 0.08203125 0.095703125
7 0.044921875 0.8076171875 0.08984375 0.177734375
7 0.3056640625 0.5498046875 0.125 0.19140625
9 0.2841796875 0.115234375 0.154296875 0.228515625
10 0.2763671875 0.919921875 0.076171875 0.0859375
10 0.134765625 0.822265625 0.103515625 0.154296875
10 0.173828125 0.6201171875 0.1015625 0.15234375
10 0.2041015625 0.513671875 0.115234375 0.16015625
10 0.353515625 0.4013671875 0.103515625 0.158203125
2 0.732421875 0.814453125 0.15234375 0.248046875
1 0.4921875 0.9150390625 0.1015625 0.169921875
3 0.509765625 0.1904296875 0.13671875 0.21484375
3 0.34375 0.7783203125 0.123046875 0.173828125
6 0.4482421875 0.958984375 0.087890625 0.08203125
6 0.4990234375 0.58984375 0.11328125 0.173828125
4 0.853515625 0.2685546875 0.107421875 0.154296875
4 0.2998046875 0.84375 0.091796875 0.134765625
4 0.380859375 0.873046875 0.091796875 0.134765625
4 0.6494140625 0.7412109375 0.08984375 0.138671875
4 0.625 0.5009765625 0.099609375 0.15234375
4 0.58984375 0.341796875 0.103515625 0.150390625