11 0.353515625 0.11328125 0.0771484375 0.197265625
8 0.1650390625 0.3818359375 0.09375 0.2353515625
12 0.197265625 0.060546875 0.0673828125 0.1103515625
7 0.1865234375 0.107421875 0.0693359375 0.1611328125
7 0.365234375 0.408203125 0.0771484375 0.1630859375
9 0.244140625 0.78515625 0.09375 0.189453125
10 0.42578125 0.0625 0.052734375 0.1005859375
10 0.279296875 0.126953125 0.0625 0.1298828125
10 0.265625 0.314453125 0.060546875 0.1298828125
10 0.265625 0.4169921875 0.0693359375 0.1318359375
10 0.3740234375 0.5517578125 0.060546875 0.1318359375
2 0.8037109375 0.28515625 0.0888671875 0.2138671875
1 0.6181640625 0.130859375 0.052734375 0.15625
3 0.4619140625 0.77734375 0.08203125 0.1806640625
3 0.4521484375 0.21875 0.0771484375 0.14453125
6 0.587890625 0.0673828125 0.064453125 0.1005859375
6 0.544921875 0.423828125 0.0693359375 0.146484375
4 0.7802734375 0.79296875 0.064453125 0.1298828125
4 0.427734375 0.150390625 0.0576171875 0.11328125
4 0.5068359375 0.14453125 0.0576171875 0.1103515625
4 0.712890625 0.328125 0.0556640625 0.1181640625
4 0.634765625 0.533203125 0.0625 0.1298828125
4 0.56640625 0.6630859375 0.064453125 0.125