11 0.31640625 0.111328125 0.099609375 0.197265625
8 0.1484375 0.4072265625 0.12109375 0.251953125
12 0.150390625 0.0791015625 0.078125 0.095703125
7 0.140625 0.1201171875 0.08984375 0.17578125
7 0.361328125 0.4091796875 0.09765625 0.17578125
9 0.2763671875 0.81640625 0.119140625 0.208984375
10 0.3857421875 0.05078125 0.06640625 0.087890625
10 0.240234375 0.126953125 0.08203125 0.140625
10 0.2470703125 0.32421875 0.078125 0.140625
10 0.2587890625 0.4287109375 0.091796875 0.14453125
10 0.3828125 0.5576171875 0.078125 0.146484375
2 0.802734375 0.224609375 0.115234375 0.23046875
1 0.5927734375 0.087890625 0.07421875 0.169921875
3 0.4990234375 0.7802734375 0.103515625 0.197265625
3 0.4296875 0.2001953125 0.09765625 0.15625
6 0.5576171875 0.0390625 0.076171875 0.078125
6 0.548828125 0.400390625 0.087890625 0.158203125
4 0.833984375 0.7578125 0.083984375 0.140625
4 0.3984375 0.1318359375 0.072265625 0.123046875
4 0.4794921875 0.115234375 0.072265625 0.123046875
4 0.7138671875 0.28125 0.0703125 0.126953125
4 0.654296875 0.5029296875 0.076171875 0.140625
4 0.5966796875 0.6484375 0.080078125 0.138671875