11 0.63671875 0.900390625 0.0859375 0.19921875
8 0.8408203125 0.6328125 0.10546875 0.24609375
12 0.7958984375 0.953125 0.072265625 0.09375
7 0.80859375 0.9150390625 0.078125 0.16796875
7 0.6357421875 0.5986328125 0.083984375 0.169921875
9 0.7734375 0.216796875 0.103515625 0.19921875
10 0.560546875 0.94921875 0.05859375 0.1015625
10 0.7138671875 0.8916015625 0.068359375 0.13671875
10 0.734375 0.69921875 0.06640625 0.13671875
10 0.73828125 0.59375 0.076171875 0.138671875
10 0.6318359375 0.4521484375 0.06640625 0.138671875
2 0.1787109375 0.7109375 0.099609375 0.224609375
1 0.365234375 0.875 0.060546875 0.162109375
3 0.5498046875 0.2158203125 0.08984375 0.1875
3 0.5400390625 0.7919921875 0.083984375 0.150390625
6 0.3935546875 0.94140625 0.0703125 0.10546875
6 0.451171875 0.576171875 0.078125 0.154296875
4 0.22265625 0.1884765625 0.0703125 0.13671875
4 0.5615234375 0.8623046875 0.064453125 0.119140625
4 0.4794921875 0.865234375 0.064453125 0.1171875
4 0.275390625 0.6689453125 0.060546875 0.123046875
4 0.3623046875 0.4609375 0.068359375 0.13671875
4 0.4375 0.330078125 0.0703125 0.130859375