11 0.5810546875 0.0859375 0.115234375 0.171875
8 0.8251953125 0.2998046875 0.140625 0.2578125
12 0.73046875 0.0205078125 0.0859375 0.041015625
7 0.748046875 0.056640625 0.1015625 0.11328125
7 0.6259765625 0.3662109375 0.111328125 0.181640625
9 0.8232421875 0.724609375 0.1328125 0.2109375
10 0.498046875 0.0419921875 0.0703125 0.083984375
10 0.658203125 0.0673828125 0.08984375 0.134765625
10 0.708984375 0.2509765625 0.087890625 0.14453125
10 0.7294921875 0.3544921875 0.09765625 0.1484375
10 0.6455078125 0.513671875 0.087890625 0.146484375
2 0.15625 0.3271484375 0.1328125 0.234375
1 0.314453125 0.1337890625 0.083984375 0.169921875
3 0.6015625 0.759765625 0.119140625 0.19921875
3 0.5009765625 0.1904296875 0.107421875 0.162109375
6 0.333984375 0.0693359375 0.083984375 0.103515625
6 0.447265625 0.41796875 0.099609375 0.162109375
4 0.2802734375 0.8388671875 0.091796875 0.14453125
4 0.51171875 0.1162109375 0.080078125 0.126953125
4 0.4306640625 0.1259765625 0.080078125 0.123046875
4 0.2578125 0.353515625 0.080078125 0.130859375
4 0.3779296875 0.546875 0.08984375 0.14453125
4 0.47265625 0.6650390625 0.08984375 0.138671875