11 0.63671875 0.1025390625 0.0771484375 0.19921875
8 0.828125 0.376953125 0.09375 0.2353515625
12 0.79296875 0.052734375 0.0673828125 0.10546875
7 0.806640625 0.1005859375 0.0693359375 0.1630859375
7 0.625 0.4013671875 0.0771484375 0.1630859375
9 0.748046875 0.783203125 0.095703125 0.1923828125
10 0.5625 0.048828125 0.0546875 0.09765625
10 0.712890625 0.1181640625 0.064453125 0.1298828125
10 0.7255859375 0.3076171875 0.0625 0.1298828125
10 0.724609375 0.41015625 0.07421875 0.1318359375
10 0.6181640625 0.5458984375 0.0625 0.134765625
2 0.181640625 0.267578125 0.0888671875 0.2138671875
1 0.369140625 0.115234375 0.0556640625 0.158203125
3 0.529296875 0.771484375 0.08203125 0.1826171875
3 0.537109375 0.20703125 0.0791015625 0.14453125
6 0.3974609375 0.05078125 0.064453125 0.1005859375
6 0.443359375 0.412109375 0.0693359375 0.146484375
4 0.2041015625 0.783203125 0.0673828125 0.1298828125
4 0.560546875 0.138671875 0.0576171875 0.11328125
4 0.48046875 0.130859375 0.0576171875 0.11328125
4 0.2724609375 0.3134765625 0.0556640625 0.1181640625
4 0.3525390625 0.521484375 0.060546875 0.1298828125
4 0.421875 0.6552734375 0.064453125 0.126953125