7 0.258230337890625 1 0.238499861328125 0.875426666015625 0.162132205078125 0.887522115234375 0.179946951171875 1 0.258230337890625 1
11 0.433063234375 1 0.4070383828125 0.835685556640625 0.33576190234375 0.846974640625 0.35999873828125 1 0.433063234375 1
7 0.31988763671875 0.713797677734375 0.396255291015625 0.701702228515625 0.3728707578125 0.55405809375 0.2965031015625 0.56615354296875 0.31988763671875 0.713797677734375
9 0.12865251953125 0.363107197265625 0.2177481171875 0.348995841796875 0.1915413125 0.183532587890625 0.10244571484375 0.1976439453125 0.12865251953125 0.363107197265625
9 0.3372244453125 0.823257982421875 0.4059553359375 0.812372078125 0.382167619140625 0.662182357421875 0.31343673046875 0.67306826171875 0.3372244453125 0.823257982421875
12 0.26344923046875 1 0.254880123046875 0.94589678125 0.193785998046875 0.955573140625 0.200822521484375 1 0.26344923046875 1
8 0.120019375 0.802861513671875 0.20911497265625 0.788750158203125 0.17323180859375 0.562192783203125 0.0841362109375 0.576304138671875 0.120019375 0.802861513671875
10 0.429166001953125 0.876541470703125 0.47753218359375 0.868881021484375 0.458582646484375 0.749238359375 0.41021646484375 0.756898810546875 0.429166001953125 0.876541470703125
10 0.49568994140625 1 0.483453408203125 0.922741560546875 0.43254163671875 0.930805193359375 0.443501017578125 1 0.49568994140625 1
10 0.28973568359375 0.9847367890625 0.343193041015625 0.976269974609375 0.32545305078125 0.864264080078125 0.27199569140625 0.87273089453125 0.28973568359375 0.9847367890625
10 0.246239439453125 0.80896468359375 0.30224238671875 0.8000946875 0.283696033203125 0.6829976171875 0.2276930859375 0.691867611328125 0.246239439453125 0.80896468359375
10 0.22461781640625 0.70540191796875 0.28571194140625 0.69572555859375 0.266762404296875 0.5760828984375 0.20566828125 0.585759255859375 0.22461781640625 0.70540191796875
10 0.170638849609375 0.46344451171875 0.236824150390625 0.4529617890625 0.217874615234375 0.33331912890625 0.151689314453125 0.3438018515625 0.170638849609375 0.46344451171875
1 0.311926818359375 0.597633466796875 0.380657708984375 0.5867475625 0.356063630859375 0.4314666640625 0.287332740234375 0.442352568359375 0.311926818359375 0.597633466796875
1 0.6364890859375 0.966348693359375 0.689946443359375 0.95788187890625 0.6641428203125 0.794964212890625 0.610685462890625 0.80343102734375 0.6364890859375 0.966348693359375
3 0.355613078125 0.32976962109375 0.42943514453125 0.31807735546875 0.404034703125 0.15770528125 0.33021263671875 0.169397546875 0.355613078125 0.32976962109375
3 0.5956649296875 0.77449669140625 0.66185023046875 0.764013970703125 0.63725615234375 0.6087330703125 0.5710708515625 0.61921579296875 0.5956649296875 0.77449669140625
2 0.7817932578125 0.8128624609375 0.87088885546875 0.79875110546875 0.837827962890625 0.590012849609375 0.748732365234375 0.604124205078125 0.7817932578125 0.8128624609375
6 0.782504880859375 0.619650734375 0.85123576953125 0.608764830078125 0.830270326171875 0.476394228515625 0.7615394375 0.487280130859375 0.782504880859375 0.619650734375
6 0.664767240234375 0.98013599609375 0.650655884765625 0.8910403984375 0.599744115234375 0.899104029296875 0.61385547265625 0.988199626953125 0.664767240234375 0.98013599609375
5 0.4396013515625 0.843575318359375 0.503241064453125 0.833495779296875 0.47259926171875 0.640031052734375 0.408959548828125 0.65011059375 0.4396013515625 0.843575318359375
4 0.519771509765625 0.937864908203125 0.57068328125 0.929801275390625 0.552540109375 0.81524979296875 0.501628337890625 0.82331342578125 0.519771509765625 0.937864908203125
4 0.527764087890625 0.840049498046875 0.578675857421875 0.8319858671875 0.560935865234375 0.71997997265625 0.51002409765625 0.728043603515625 0.527764087890625 0.840049498046875
4 0.677819771484375 0.255252080078125 0.741459484375 0.245172541015625 0.722106767578125 0.12298429296875 0.6584670546875 0.13306383203125 0.677819771484375 0.255252080078125
4 0.69292697265625 0.74604466796875 0.748929919921875 0.737174671875 0.729174021484375 0.612440833984375 0.67317107421875 0.621310830078125 0.69292697265625 0.74604466796875
4 0.576794521484375 0.5400258671875 0.635343056640625 0.53075269140625 0.61599033984375 0.40856444140625 0.5574418046875 0.4178376171875 0.576794521484375 0.5400258671875
4 0.48750137109375 0.4210867578125 0.546049904296875 0.411813580078125 0.52589082421875 0.284534154296875 0.4673422890625 0.293807330078125 0.48750137109375 0.4210867578125