7 1 0.8398209453125 0.971651056640625 0.70644965234375 0.894428876953125 0.722863732421875 0.92670990234375 0.874734017578125 1 0.8591557265625 1 0.8398209453125
11 0.76026553125 0.9397069296875 0.83233956640625 0.92438712109375 0.791304365234375 0.731331673828125 0.719230330078125 0.746651484375 0.76026553125 0.9397069296875
7 0.68048296484375 0.61498825 0.75770514453125 0.598574169921875 0.725971255859375 0.44927795703125 0.648749076171875 0.4656920390625 0.68048296484375 0.61498825
9 0.72158251953125 0.21345825390625 0.8116750625 0.1943084921875 0.776111220703125 0.02699376953125 0.686018677734375 0.04614353125 0.72158251953125 0.21345825390625
9 0.711732033203125 0.72403196484375 0.781231994140625 0.70925929296875 0.74895096875 0.5573890078125 0.6794510078125 0.5721616796875 0.711732033203125 0.72403196484375
12 0.992640814453125 0.906456259765625 0.96637828515625 0.7829007734375 0.9046005390625 0.7960320390625 0.930863068359375 0.919587525390625 0.992640814453125 0.906456259765625
8 0.890723552734375 0.629488373046875 0.98081609375 0.61033861328125 0.93212098828125 0.3812461484375 0.8420284453125 0.40039591015625 0.890723552734375 0.629488373046875
10 0.664179828125 0.804089119140625 0.71308720703125 0.793693533203125 0.687371814453125 0.672712119140625 0.63846443359375 0.683107705078125 0.664179828125 0.804089119140625
10 0.753252056640625 0.95733991015625 0.729725208984375 0.846654787109375 0.678243755859375 0.8575975078125 0.70177060546875 0.968282630859375 0.753252056640625 0.95733991015625
10 0.831531529296875 0.857299626953125 0.8855870546875 0.84580976953125 0.861513068359375 0.732550572265625 0.80745754296875 0.7440404296875 0.831531529296875 0.857299626953125
10 0.806102369140625 0.674378861328125 0.862731966796875 0.6623418671875 0.837563708984375 0.54393452734375 0.78093411328125 0.55597151953125 0.806102369140625 0.674378861328125
10 0.78366979296875 0.5688418828125 0.84544753515625 0.555710619140625 0.819732142578125 0.434729205078125 0.7579543984375 0.44786046875 0.78366979296875 0.5688418828125
10 0.741441025390625 0.3195423671875 0.8083669140625 0.305316830078125 0.78265151953125 0.184335416015625 0.715725630859375 0.198560953125 0.741441025390625 0.3195423671875
1 0.653287771484375 0.4997021171875 0.722787732421875 0.4849294453125 0.689412435546875 0.327911013671875 0.619912474609375 0.3426836875 0.653287771484375 0.4997021171875
1 0.494265701171875 0.96665287109375 0.548321224609375 0.955163013671875 0.51330451953125 0.790422365234375 0.45924899609375 0.80191222265625 0.494265701171875 0.96665287109375
3 0.508481626953125 0.261444615234375 0.583129732421875 0.245577671875 0.548660162109375 0.08341109375 0.474012056640625 0.0992780390625 0.508481626953125 0.261444615234375
3 0.4501092890625 0.771570486328125 0.517035177734375 0.75734494921875 0.483659880859375 0.60032651953125 0.4167339921875 0.614552056640625 0.4501092890625 0.771570486328125
2 0.26355716015625 0.881172986328125 0.353649703125 0.862023224609375 0.308784548828125 0.650949267578125 0.218692005859375 0.670099029296875 0.26355716015625 0.881172986328125
6 0.2127728046875 0.692880154296875 0.282272765625 0.678107482421875 0.25382169140625 0.544255705078125 0.18432173046875 0.559028376953125 0.2127728046875 0.692880154296875
6 0.552552119140625 1 0.583363265625 0.993450888671875 0.55874214453125 0.877617619140625 0.507260689453125 0.88856033984375 0.530947919921875 1 0.552552119140625 1
5 0.62672532421875 0.77976587890625 0.691077138671875 0.766087478515625 0.64949480078125 0.570457958984375 0.585142986328125 0.584136359375 0.62672532421875 0.77976587890625
4 0.597676447265625 0.896245578125 0.649157900390625 0.885302857421875 0.624536779296875 0.769469587890625 0.573055326171875 0.78041230859375 0.597676447265625 0.896245578125
4 0.554265759765625 0.805929115234375 0.60574721484375 0.79498639453125 0.581673228515625 0.681727197265625 0.530191775390625 0.69266991796875 0.554265759765625 0.805929115234375
4 0.184372396484375 0.306122830078125 0.248724212890625 0.292444427734375 0.22246168359375 0.16888894140625 0.1581098671875 0.18256734375 0.184372396484375 0.306122830078125
4 0.35728106640625 0.777849884765625 0.413910666015625 0.765812892578125 0.387101 0.63968333203125 0.330471400390625 0.651720326171875 0.35728106640625 0.777849884765625
4 0.390023619140625 0.539518421875 0.449227291015625 0.52693429296875 0.42296476171875 0.4033788046875 0.36376108984375 0.41596293359375 0.390023619140625 0.539518421875
4 0.43161964453125 0.39346804296875 0.490823314453125 0.3808839140625 0.463466513671875 0.252180283203125 0.40426284375 0.264764412109375 0.43161964453125 0.39346804296875