7 0.21875 0.079326923828125 0.146634615234375 0.079326923828125 0.146634615234375 0.221153845703125 0.21875 0.221153845703125 0.21875 0.079326923828125
11 0.37980769140625 0.052884615234375 0.3125 0.052884615234375 0.3125 0.233173076171875 0.37980769140625 0.233173076171875 0.37980769140625 0.052884615234375
7 0.389423076171875 0.358173076171875 0.31730769140625 0.358173076171875 0.31730769140625 0.497596154296875 0.389423076171875 0.497596154296875 0.389423076171875 0.358173076171875
9 0.27644230859375 0.709134615234375 0.19230769140625 0.709134615234375 0.19230769140625 0.865384615234375 0.27644230859375 0.865384615234375 0.27644230859375 0.709134615234375
9 0.3822115390625 0.25480769140625 0.31730769140625 0.25480769140625 0.31730769140625 0.396634615234375 0.3822115390625 0.396634615234375 0.3822115390625 0.25480769140625
12 0.22355769140625 0.0240384609375 0.165865384765625 0.0240384609375 0.165865384765625 0.153846154296875 0.22355769140625 0.153846154296875 0.22355769140625 0.0240384609375
8 0.204326923828125 0.3052884609375 0.12019230859375 0.3052884609375 0.12019230859375 0.51923076953125 0.204326923828125 0.51923076953125 0.204326923828125 0.3052884609375
10 0.439903845703125 0.19230769140625 0.39423076953125 0.19230769140625 0.39423076953125 0.3052884609375 0.439903845703125 0.3052884609375 0.439903845703125 0.19230769140625
10 0.4375 0.028846154296875 0.389423076171875 0.028846154296875 0.389423076171875 0.141826923828125 0.4375 0.141826923828125 0.4375 0.028846154296875
10 0.30048076953125 0.11298076953125 0.25 0.11298076953125 0.25 0.21875 0.30048076953125 0.21875 0.30048076953125 0.11298076953125
10 0.2884615390625 0.28125 0.235576923828125 0.28125 0.235576923828125 0.391826923828125 0.2884615390625 0.391826923828125 0.2884615390625 0.28125
10 0.2884615390625 0.37980769140625 0.23076923046875 0.37980769140625 0.23076923046875 0.4927884609375 0.2884615390625 0.4927884609375 0.2884615390625 0.37980769140625
10 0.278846154296875 0.610576923828125 0.216346154296875 0.610576923828125 0.216346154296875 0.72355769140625 0.278846154296875 0.72355769140625 0.278846154296875 0.610576923828125
1 0.391826923828125 0.466346154296875 0.326923076171875 0.466346154296875 0.326923076171875 0.61298076953125 0.391826923828125 0.61298076953125 0.391826923828125 0.466346154296875
1 0.622596154296875 0.079326923828125 0.572115384765625 0.079326923828125 0.572115384765625 0.233173076171875 0.622596154296875 0.233173076171875 0.622596154296875 0.079326923828125
3 0.4759615390625 0.70673076953125 0.40625 0.70673076953125 0.40625 0.858173076171875 0.4759615390625 0.858173076171875 0.4759615390625 0.70673076953125
3 0.625 0.26201923046875 0.5625 0.26201923046875 0.5625 0.408653845703125 0.625 0.408653845703125 0.625 0.26201923046875
2 0.8125 0.19951923046875 0.728365384765625 0.19951923046875 0.728365384765625 0.396634615234375 0.8125 0.396634615234375 0.8125 0.19951923046875
6 0.822115384765625 0.377403845703125 0.7572115390625 0.377403845703125 0.7572115390625 0.502403845703125 0.822115384765625 0.502403845703125 0.822115384765625 0.377403845703125
6 0.596153845703125 0.01923076953125 0.548076923828125 0.01923076953125 0.548076923828125 0.146634615234375 0.596153845703125 0.146634615234375 0.596153845703125 0.01923076953125
5 0.46875 0.221153845703125 0.408653845703125 0.221153845703125 0.408653845703125 0.403846154296875 0.46875 0.403846154296875 0.46875 0.221153845703125
4 0.516826923828125 0.122596154296875 0.46875 0.122596154296875 0.46875 0.23076923046875 0.516826923828125 0.23076923046875 0.516826923828125 0.122596154296875
4 0.5384615390625 0.2115384609375 0.490384615234375 0.2115384609375 0.490384615234375 0.31730769140625 0.5384615390625 0.31730769140625 0.5384615390625 0.2115384609375
4 0.7740384609375 0.728365384765625 0.71394230859375 0.728365384765625 0.71394230859375 0.84375 0.7740384609375 0.84375 0.7740384609375 0.728365384765625
4 0.709134615234375 0.2740384609375 0.65625 0.2740384609375 0.65625 0.391826923828125 0.709134615234375 0.391826923828125 0.709134615234375 0.2740384609375
4 0.634615384765625 0.48076923046875 0.579326923828125 0.48076923046875 0.579326923828125 0.596153845703125 0.634615384765625 0.596153845703125 0.634615384765625 0.48076923046875
4 0.5697115390625 0.603365384765625 0.514423076171875 0.603365384765625 0.514423076171875 0.72355769140625 0.5697115390625 0.72355769140625 0.5697115390625 0.603365384765625