2 0.7705078125 0.298828125 0.0791015625 0.208984375
1 0.5068359375 0.2275390625 0.0625 0.15625
6 0.51171875 0.345703125 0.0673828125 0.125
6 0.572265625 0.0791015625 0.0625 0.134765625
4 0.685546875 0.33984375 0.0478515625 0.1181640625
4 0.6044921875 0.541015625 0.0556640625 0.115234375
4 0.5419921875 0.662109375 0.060546875 0.123046875
4 0.419921875 0.1806640625 0.05078125 0.1103515625
3 0.3486328125 0.435546875 0.0576171875 0.1494140625
3 0.244140625 0.63671875 0.07421875 0.154296875
9 0.2333984375 0.7919921875 0.0771484375 0.1611328125
8 0.1669921875 0.3056640625 0.0791015625 0.20703125
7 0.4384765625 0.4326171875 0.0693359375 0.158203125
11 0.34375 0.150390625 0.0673828125 0.1806640625
12 0.1982421875 0.08984375 0.0693359375 0.1318359375
10 0.2724609375 0.1650390625 0.0556640625 0.1083984375
10 0.2587890625 0.3388671875 0.0556640625 0.1103515625
10 0.2587890625 0.439453125 0.060546875 0.115234375
10 0.35546875 0.55859375 0.0625 0.123046875