2 0.8515625 0.6884765625 0.103515625 0.23828125
1 0.56640625 0.7890625 0.08203125 0.177734375
6 0.5615234375 0.65625 0.083984375 0.14453125
6 0.6474609375 0.9326171875 0.078125 0.12109375
4 0.75390625 0.6494140625 0.0625 0.134765625
4 0.6494140625 0.43359375 0.0703125 0.1328125
4 0.5703125 0.302734375 0.076171875 0.140625
4 0.47265625 0.84765625 0.064453125 0.126953125
3 0.3740234375 0.5703125 0.076171875 0.169921875
3 0.2421875 0.3544921875 0.095703125 0.17578125
9 0.2177734375 0.1826171875 0.09765625 0.18359375
8 0.1826171875 0.728515625 0.103515625 0.234375
7 0.474609375 0.56640625 0.08984375 0.181640625
11 0.3896484375 0.88671875 0.08984375 0.205078125
12 0.232421875 0.9443359375 0.0859375 0.111328125
10 0.310546875 0.8759765625 0.0703125 0.125
10 0.28125 0.68359375 0.0703125 0.126953125
10 0.2734375 0.5712890625 0.07421875 0.1328125
10 0.3720703125 0.4326171875 0.078125 0.140625