2 0.8251953125 0.2861328125 0.103515625 0.23046875
1 0.55078125 0.1845703125 0.08203125 0.173828125
6 0.544921875 0.3125 0.083984375 0.138671875
6 0.6318359375 0.0576171875 0.076171875 0.1015625
4 0.73046875 0.322265625 0.0625 0.130859375
4 0.6259765625 0.5283203125 0.0703125 0.12890625
4 0.5478515625 0.6533203125 0.076171875 0.13671875
4 0.4609375 0.126953125 0.064453125 0.123046875
3 0.3623046875 0.3916015625 0.076171875 0.1640625
3 0.2314453125 0.59765625 0.09375 0.171875
9 0.205078125 0.7626953125 0.09765625 0.1796875
8 0.1796875 0.236328125 0.103515625 0.228515625
7 0.458984375 0.3984375 0.08984375 0.17578125
11 0.3818359375 0.09375 0.087890625 0.1875
12 0.2314453125 0.041015625 0.083984375 0.08203125
10 0.3056640625 0.095703125 0.0703125 0.12109375
10 0.275390625 0.28125 0.0703125 0.123046875
10 0.265625 0.3896484375 0.07421875 0.12890625
10 0.357421875 0.5244140625 0.078125 0.13671875