6 0.3583984375 0.0556640625 0.072265625 0.083984375
6 0.201171875 0.8154296875 0.1171875 0.1796875
2 0.1865234375 0.3984375 0.1328125 0.244140625
5 0.38671875 0.283203125 0.1171875 0.21875
4 0.2958984375 0.421875 0.087890625 0.138671875
4 0.2861328125 0.2197265625 0.078125 0.126953125
4 0.28515625 0.123046875 0.072265625 0.119140625
4 0.4345703125 0.037109375 0.064453125 0.07421875
4 0.396484375 0.521484375 0.080078125 0.134765625
4 0.4775390625 0.27734375 0.078125 0.126953125
3 0.3671875 0.0986328125 0.078125 0.154296875
3 0.578125 0.36328125 0.111328125 0.173828125
7 0.619140625 0.595703125 0.107421875 0.173828125
8 0.8740234375 0.2783203125 0.13671875 0.244140625
11 0.646484375 0.2392578125 0.115234375 0.20703125
9 0.626953125 0.125 0.091796875 0.1640625
9 0.9287109375 0.541015625 0.12890625 0.19140625
12 0.8564453125 0.71484375 0.11328125 0.171875
10 0.8203125 0.57421875 0.083984375 0.13671875
10 0.6943359375 0.0107421875 0.072265625 0.021484375
10 0.716796875 0.1376953125 0.087890625 0.130859375
10 0.5654296875 0.2548828125 0.080078125 0.1328125
10 0.640625 0.7470703125 0.099609375 0.150390625