6 0.53515625 0.0517578125 0.06640625 0.103515625
6 0.8896484375 0.7421875 0.099609375 0.16796875
2 0.7900390625 0.3466796875 0.10546875 0.23046875
5 0.572265625 0.287109375 0.09375 0.20703125
4 0.6943359375 0.39453125 0.072265625 0.126953125
4 0.6484375 0.2041015625 0.060546875 0.119140625
4 0.623046875 0.111328125 0.060546875 0.111328125
4 0.45703125 0.0517578125 0.064453125 0.103515625
4 0.6240234375 0.515625 0.064453125 0.125
4 0.4833984375 0.302734375 0.06640625 0.119140625
3 0.5400390625 0.107421875 0.060546875 0.14453125
3 0.4130859375 0.41015625 0.091796875 0.1640625
7 0.4365234375 0.6396484375 0.08984375 0.166015625
8 0.109375 0.40234375 0.111328125 0.232421875
11 0.314453125 0.30859375 0.091796875 0.197265625
9 0.302734375 0.1982421875 0.07421875 0.15625
9 0.1298828125 0.6650390625 0.111328125 0.181640625
12 0.24609375 0.810546875 0.095703125 0.16015625
12 0.111328125 0.080078125 0.07421875 0.08984375
10 0.240234375 0.6689453125 0.0703125 0.130859375
10 0.197265625 0.072265625 0.068359375 0.091796875
10 0.220703125 0.2294921875 0.07421875 0.123046875
10 0.3916015625 0.302734375 0.06640625 0.126953125
10 0.458984375 0.787109375 0.083984375 0.142578125