6 0.404296875 0.025390625 0.05859375 0.05078125
6 0.09765625 0.7177734375 0.087890625 0.166015625
2 0.1689453125 0.3115234375 0.09375 0.23046875
5 0.38671875 0.240234375 0.08203125 0.20703125
4 0.2705078125 0.3564453125 0.06640625 0.12890625
4 0.302734375 0.158203125 0.05859375 0.1171875
4 0.322265625 0.064453125 0.052734375 0.109375
4 0.4833984375 0.0224609375 0.0546875 0.044921875
4 0.34765625 0.47265625 0.05859375 0.125
4 0.4755859375 0.25390625 0.05859375 0.1171875
3 0.4052734375 0.0654296875 0.052734375 0.130859375
3 0.556640625 0.357421875 0.083984375 0.162109375
7 0.5478515625 0.5908203125 0.08203125 0.162109375
8 0.859375 0.3359375 0.09765625 0.23046875
11 0.6474609375 0.251953125 0.08203125 0.1953125
9 0.65234375 0.1376953125 0.06640625 0.154296875
9 0.8583984375 0.6005859375 0.099609375 0.17578125
12 0.7529296875 0.755859375 0.0859375 0.158203125
12 0.833984375 0.0302734375 0.068359375 0.048828125
10 0.7470703125 0.6103515625 0.0625 0.12890625
10 0.7470703125 0.025390625 0.060546875 0.044921875
10 0.7373046875 0.16796875 0.068359375 0.12109375
10 0.56640625 0.25 0.060546875 0.123046875
10 0.5380859375 0.7421875 0.076171875 0.138671875