6 0.3447265625 0.9619140625 0.060546875 0.056640625
6 0.1240234375 0.2314453125 0.09765625 0.169921875
2 0.146484375 0.6435546875 0.103515625 0.232421875
5 0.3525390625 0.7451171875 0.08984375 0.20703125
4 0.2509765625 0.6142578125 0.0703125 0.12890625
4 0.259765625 0.8125 0.060546875 0.119140625
4 0.267578125 0.9091796875 0.05859375 0.111328125
4 0.423828125 0.97265625 0.05859375 0.048828125
4 0.34375 0.5078125 0.0625 0.125
4 0.443359375 0.74609375 0.06640625 0.12109375
3 0.3486328125 0.9228515625 0.060546875 0.134765625
3 0.5322265625 0.654296875 0.08984375 0.1640625
7 0.5546875 0.421875 0.087890625 0.166015625
8 0.83203125 0.71875 0.109375 0.234375
11 0.6103515625 0.7724609375 0.08984375 0.197265625
9 0.6025390625 0.884765625 0.07421875 0.15625
9 0.8623046875 0.455078125 0.109375 0.181640625
12 0.7763671875 0.2880859375 0.095703125 0.162109375
12 0.7705078125 0.99609375 0.068359375 0.0078125
10 0.75390625 0.4296875 0.068359375 0.130859375
10 0.68359375 0.9912109375 0.0625 0.017578125
10 0.689453125 0.869140625 0.07421875 0.123046875
10 0.5341796875 0.7626953125 0.06640625 0.12890625
10 0.5615234375 0.2705078125 0.08203125 0.142578125