6 0.4150390625 0.052734375 0.05078125 0.10546875
6 0.15625 0.728515625 0.0771484375 0.1494140625
2 0.208984375 0.35546875 0.0771484375 0.20703125
5 0.404296875 0.2802734375 0.0673828125 0.185546875
4 0.3017578125 0.390625 0.0556640625 0.11328125
4 0.326171875 0.2119140625 0.0458984375 0.10546875
4 0.33984375 0.1240234375 0.0458984375 0.0986328125
4 0.486328125 0.048828125 0.05078125 0.09765625
4 0.376953125 0.4951171875 0.0478515625 0.1103515625
4 0.486328125 0.2861328125 0.05078125 0.10546875
3 0.416015625 0.11328125 0.04296875 0.1298828125
3 0.5615234375 0.376953125 0.0693359375 0.14453125
7 0.5625 0.58984375 0.0673828125 0.146484375
8 0.8388671875 0.341796875 0.08203125 0.20703125
11 0.6416015625 0.275390625 0.0673828125 0.17578125
9 0.642578125 0.1728515625 0.0556640625 0.1396484375
9 0.845703125 0.583984375 0.0869140625 0.158203125
12 0.75390625 0.7294921875 0.07421875 0.1416015625
12 0.806640625 0.0419921875 0.060546875 0.083984375
10 0.7451171875 0.5986328125 0.052734375 0.115234375
10 0.7265625 0.04296875 0.0546875 0.0859375
10 0.720703125 0.193359375 0.0576171875 0.1083984375
10 0.5712890625 0.27734375 0.05078125 0.11328125
10 0.556640625 0.728515625 0.064453125 0.125