6 0.4169921875 0.0537109375 0.0556640625 0.0888671875
6 0.13671875 0.734375 0.08203125 0.15625
2 0.1982421875 0.3486328125 0.083984375 0.216796875
5 0.40234375 0.27734375 0.07421875 0.1943359375
4 0.294921875 0.3896484375 0.060546875 0.1201171875
4 0.322265625 0.2021484375 0.052734375 0.1103515625
4 0.3388671875 0.111328125 0.0478515625 0.103515625
4 0.4912109375 0.0517578125 0.05078125 0.0791015625
4 0.3701171875 0.4990234375 0.052734375 0.1181640625
4 0.48828125 0.2880859375 0.052734375 0.1103515625
3 0.41796875 0.1044921875 0.0478515625 0.13671875
3 0.564453125 0.3857421875 0.0771484375 0.1513671875
7 0.5615234375 0.607421875 0.07421875 0.1513671875
8 0.8525390625 0.3603515625 0.0888671875 0.216796875
11 0.650390625 0.283203125 0.07421875 0.1826171875
9 0.65234375 0.17578125 0.060546875 0.14453125
9 0.85546875 0.611328125 0.091796875 0.166015625
12 0.7587890625 0.759765625 0.0791015625 0.1494140625
12 0.8232421875 0.056640625 0.064453125 0.07421875
10 0.75 0.623046875 0.0576171875 0.1201171875
10 0.740234375 0.052734375 0.0576171875 0.072265625
10 0.7333984375 0.203125 0.0625 0.11328125
10 0.5732421875 0.283203125 0.0556640625 0.115234375
10 0.5537109375 0.75 0.0693359375 0.1298828125