1 0.28125 0.611328125 0.0625 0.146484375
6 0.412109375 0.0712890625 0.0556640625 0.11328125
6 0.1494140625 0.73046875 0.0673828125 0.134765625
2 0.2041015625 0.3681640625 0.08203125 0.197265625
5 0.3974609375 0.29296875 0.060546875 0.1630859375
1 0.462890625 0.5009765625 0.0556640625 0.13671875
4 0.3193359375 0.232421875 0.0478515625 0.0986328125
4 0.33203125 0.150390625 0.04296875 0.09375
4 0.2958984375 0.4052734375 0.0478515625 0.1083984375
4 0.283203125 0.5087890625 0.052734375 0.103515625
4 0.3427734375 0.748046875 0.0556640625 0.115234375
4 0.3740234375 0.619140625 0.0556640625 0.103515625
4 0.478515625 0.306640625 0.0478515625 0.0986328125
4 0.4794921875 0.0732421875 0.0458984375 0.103515625
3 0.41015625 0.134765625 0.0556640625 0.1298828125
3 0.552734375 0.4013671875 0.0673828125 0.134765625
11 0.8076171875 0.2861328125 0.072265625 0.177734375
8 0.822265625 0.373046875 0.0771484375 0.197265625
12 0.734375 0.7451171875 0.064453125 0.1396484375
12 0.79296875 0.0625 0.0625 0.10546875
7 0.63671875 0.0634765625 0.0478515625 0.11328125
7 0.8330078125 0.4951171875 0.064453125 0.1396484375
9 0.6318359375 0.205078125 0.0576171875 0.13671875
9 0.8232421875 0.61328125 0.0693359375 0.14453125
10 0.5576171875 0.30859375 0.04296875 0.103515625
10 0.568359375 0.14453125 0.05078125 0.10546875
10 0.71484375 0.064453125 0.05078125 0.1005859375
10 0.71484375 0.23046875 0.05078125 0.1005859375
10 0.7197265625 0.4150390625 0.0556640625 0.0986328125
10 0.7255859375 0.517578125 0.0478515625 0.103515625
10 0.724609375 0.623046875 0.0556640625 0.1103515625
10 0.5380859375 0.7431640625 0.0576171875 0.115234375