1 0.7578125 0.37890625 0.0859375 0.17578125
6 0.666015625 0.9619140625 0.0703125 0.0546875
6 0.892578125 0.232421875 0.08984375 0.162109375
2 0.8720703125 0.646484375 0.109375 0.234375
5 0.66015625 0.7490234375 0.08203125 0.19140625
1 0.5634765625 0.5205078125 0.07421875 0.15625
4 0.7548828125 0.810546875 0.0625 0.115234375
4 0.7509765625 0.9072265625 0.0546875 0.111328125
4 0.763671875 0.61328125 0.0625 0.12890625
4 0.7666015625 0.4951171875 0.068359375 0.12109375
4 0.6708984375 0.23046875 0.072265625 0.1328125
4 0.65234375 0.3798828125 0.0703125 0.123046875
4 0.56640625 0.744140625 0.0625 0.1171875
4 0.587890625 0.970703125 0.05078125 0.05078125
3 0.662109375 0.921875 0.07421875 0.13671875
3 0.4736328125 0.642578125 0.0859375 0.158203125
11 0.1982421875 0.798828125 0.099609375 0.20703125
8 0.171875 0.703125 0.103515625 0.2265625
12 0.2294921875 0.2724609375 0.0859375 0.1640625
12 0.236328125 0.9931640625 0.0703125 0.013671875
7 0.4130859375 0.984375 0.056640625 0.03125
7 0.14453125 0.564453125 0.083984375 0.16015625
9 0.40625 0.873046875 0.076171875 0.1640625
9 0.1435546875 0.431640625 0.08984375 0.169921875
10 0.478515625 0.7490234375 0.060546875 0.12109375
10 0.484375 0.9345703125 0.06640625 0.125
10 0.326171875 0.9873046875 0.05859375 0.025390625
10 0.310546875 0.8505859375 0.064453125 0.1171875
10 0.283203125 0.6455078125 0.072265625 0.115234375
10 0.2646484375 0.52734375 0.0625 0.123046875
10 0.25390625 0.408203125 0.07421875 0.130859375
10 0.4521484375 0.255859375 0.07421875 0.13671875