1 0.7353515625 0.60546875 0.08203125 0.16796875
6 0.5517578125 0.0517578125 0.072265625 0.103515625
6 0.884765625 0.720703125 0.083984375 0.15234375
2 0.7978515625 0.3369140625 0.103515625 0.220703125
5 0.583984375 0.27734375 0.078125 0.181640625
1 0.5322265625 0.5048828125 0.0703125 0.1484375
4 0.6611328125 0.203125 0.05859375 0.109375
4 0.642578125 0.1142578125 0.05078125 0.10546875
4 0.703125 0.3857421875 0.060546875 0.12109375
4 0.7236328125 0.4951171875 0.064453125 0.11328125
4 0.6787109375 0.7578125 0.068359375 0.126953125
4 0.63671875 0.62109375 0.06640625 0.1171875
4 0.4970703125 0.2958984375 0.05859375 0.111328125
4 0.4765625 0.052734375 0.0546875 0.10546875
3 0.5576171875 0.107421875 0.072265625 0.14453125
3 0.4267578125 0.40625 0.08203125 0.150390625
11 0.14453125 0.306640625 0.09375 0.1953125
8 0.13671875 0.3994140625 0.09765625 0.21484375
12 0.2607421875 0.7900390625 0.08203125 0.154296875
12 0.1455078125 0.0751953125 0.072265625 0.09765625
7 0.3115234375 0.0634765625 0.05859375 0.1015625
7 0.134765625 0.533203125 0.080078125 0.15234375
9 0.3271484375 0.203125 0.072265625 0.154296875
9 0.1552734375 0.6572265625 0.0859375 0.16015625
10 0.4140625 0.306640625 0.056640625 0.115234375
10 0.3896484375 0.1318359375 0.060546875 0.119140625
10 0.2294921875 0.0712890625 0.060546875 0.1015625
10 0.2412109375 0.2392578125 0.060546875 0.111328125
10 0.2490234375 0.4345703125 0.068359375 0.109375
10 0.251953125 0.5478515625 0.05859375 0.1171875
10 0.26171875 0.6611328125 0.0703125 0.123046875
10 0.4716796875 0.7705078125 0.0703125 0.12890625