1 0.767578125 0.3876953125 0.091796875 0.16796875
6 0.53515625 0.939453125 0.078125 0.12109375
6 0.9296875 0.283203125 0.095703125 0.154296875
2 0.8095703125 0.6630859375 0.12109375 0.224609375
5 0.58984375 0.708984375 0.091796875 0.185546875
1 0.5556640625 0.4765625 0.08203125 0.15625
4 0.6630859375 0.7880859375 0.068359375 0.11328125
4 0.6357421875 0.873046875 0.0625 0.107421875
4 0.7177734375 0.6064453125 0.0703125 0.123046875
4 0.748046875 0.4990234375 0.07421875 0.119140625
4 0.7255859375 0.232421875 0.078125 0.1328125
4 0.6708984375 0.365234375 0.076171875 0.12109375
4 0.505859375 0.681640625 0.068359375 0.11328125
4 0.46484375 0.9306640625 0.06640625 0.119140625
3 0.5498046875 0.876953125 0.080078125 0.1484375
3 0.4423828125 0.5673828125 0.095703125 0.154296875
11 0.1494140625 0.6474609375 0.107421875 0.203125
8 0.1484375 0.5517578125 0.115234375 0.224609375
12 0.306640625 0.1689453125 0.09375 0.16015625
12 0.126953125 0.888671875 0.083984375 0.123046875
7 0.2958984375 0.9140625 0.068359375 0.125
7 0.158203125 0.4189453125 0.09375 0.16015625
9 0.32421875 0.763671875 0.083984375 0.15625
9 0.1884765625 0.294921875 0.099609375 0.166015625
10 0.4208984375 0.6650390625 0.064453125 0.119140625
10 0.3818359375 0.83984375 0.072265625 0.12109375
10 0.2109375 0.900390625 0.0703125 0.1171875
10 0.2392578125 0.72265625 0.0703125 0.1171875
10 0.265625 0.525390625 0.076171875 0.115234375
10 0.2763671875 0.4130859375 0.068359375 0.119140625
10 0.294921875 0.3017578125 0.078125 0.12890625
10 0.5146484375 0.205078125 0.08203125 0.1328125