1 0.705078125 0.611328125 0.064453125 0.15625
6 0.576171875 0.0556640625 0.060546875 0.1103515625
6 0.83984375 0.734375 0.0693359375 0.1416015625
2 0.7880859375 0.3583984375 0.08203125 0.20703125
5 0.587890625 0.2822265625 0.060546875 0.1708984375
1 0.517578125 0.498046875 0.0556640625 0.1396484375
4 0.66796875 0.21875 0.0478515625 0.1005859375
4 0.6572265625 0.130859375 0.041015625 0.0986328125
4 0.6923828125 0.3974609375 0.0478515625 0.11328125
4 0.7041015625 0.5048828125 0.052734375 0.10546875
4 0.638671875 0.75390625 0.0556640625 0.1181640625
4 0.609375 0.619140625 0.0556640625 0.1083984375
4 0.501953125 0.294921875 0.0478515625 0.103515625
4 0.50390625 0.0537109375 0.04296875 0.107421875
3 0.5771484375 0.1181640625 0.0576171875 0.134765625
3 0.42578125 0.39453125 0.0673828125 0.1396484375
11 0.162109375 0.2744140625 0.07421875 0.1826171875
8 0.146484375 0.36328125 0.0771484375 0.2021484375
12 0.2333984375 0.75 0.0673828125 0.14453125
12 0.1826171875 0.0478515625 0.0625 0.095703125
7 0.34375 0.05078125 0.0478515625 0.1005859375
7 0.1337890625 0.4912109375 0.064453125 0.1416015625
9 0.345703125 0.189453125 0.0576171875 0.14453125
9 0.142578125 0.61328125 0.0693359375 0.1494140625
10 0.421875 0.296875 0.0458984375 0.1083984375
10 0.412109375 0.126953125 0.05078125 0.1103515625
10 0.263671875 0.05078125 0.05078125 0.1005859375
10 0.2607421875 0.2177734375 0.05078125 0.103515625
10 0.251953125 0.40625 0.0576171875 0.1005859375
10 0.2451171875 0.515625 0.0478515625 0.1083984375
10 0.2451171875 0.625 0.0576171875 0.115234375
10 0.4375 0.748046875 0.0576171875 0.1201171875