1 0.666015625 0.310546875 0.09765625 0.166015625
6 0.6494140625 0.904296875 0.08203125 0.12890625
6 0.7783203125 0.1572265625 0.099609375 0.15625
2 0.80078125 0.548828125 0.12890625 0.22265625
5 0.6162109375 0.6689453125 0.099609375 0.18359375
1 0.501953125 0.466796875 0.087890625 0.15625
4 0.7109375 0.7158203125 0.072265625 0.11328125
4 0.716796875 0.8046875 0.06640625 0.107421875
4 0.6982421875 0.5302734375 0.07421875 0.123046875
4 0.6875 0.4189453125 0.078125 0.119140625
4 0.572265625 0.1826171875 0.08203125 0.1328125
4 0.568359375 0.32421875 0.080078125 0.12109375
4 0.529296875 0.673828125 0.072265625 0.11328125
4 0.580078125 0.9169921875 0.0703125 0.1171875
3 0.638671875 0.837890625 0.0859375 0.1484375
3 0.4306640625 0.5908203125 0.099609375 0.15625
11 0.189453125 0.767578125 0.115234375 0.201171875
8 0.15625 0.6806640625 0.123046875 0.22265625
12 0.1640625 0.2724609375 0.099609375 0.16015625
12 0.2529296875 0.966796875 0.087890625 0.06640625
7 0.4169921875 0.9482421875 0.076171875 0.103515625
7 0.1171875 0.5556640625 0.099609375 0.16015625
9 0.390625 0.8125 0.08984375 0.15625
9 0.1005859375 0.4296875 0.10546875 0.166015625
10 0.4453125 0.6884765625 0.068359375 0.1171875
10 0.4716796875 0.8623046875 0.076171875 0.12109375
10 0.333984375 0.9599609375 0.07421875 0.080078125
10 0.298828125 0.8056640625 0.07421875 0.1171875
10 0.2529296875 0.6142578125 0.080078125 0.115234375
10 0.2236328125 0.5078125 0.07421875 0.119140625
10 0.2021484375 0.3984375 0.08203125 0.126953125
10 0.369140625 0.2314453125 0.0859375 0.1328125