5 0.4794921875 0.578125 0.107421875 0.203125
2 0.234375 0.76171875 0.12890625 0.240234375
6 0.1884765625 0.6142578125 0.103515625 0.16015625
4 0.169921875 0.234375 0.09375 0.140625
4 0.318359375 0.6943359375 0.076171875 0.12890625
4 0.5166015625 0.75 0.07421875 0.134765625
4 0.4072265625 0.322265625 0.087890625 0.14453125
4 0.36328125 0.470703125 0.0859375 0.134765625
4 0.5595703125 0.8427734375 0.078125 0.12890625
6 0.4892578125 0.939453125 0.083984375 0.12109375
1 0.4453125 0.876953125 0.0859375 0.171875
1 0.63671875 0.419921875 0.11328125 0.173828125
9 0.677734375 0.65234375 0.091796875 0.15625
9 0.7080078125 0.1259765625 0.12109375 0.1796875
12 0.888671875 0.869140625 0.08984375 0.1484375
11 0.720703125 0.8330078125 0.109375 0.19921875
8 0.865234375 0.5224609375 0.138671875 0.248046875
7 0.890625 0.80078125 0.095703125 0.16796875
7 0.6513671875 0.537109375 0.1015625 0.171875
10 0.6572265625 0.9140625 0.072265625 0.12109375
10 0.6240234375 0.74609375 0.08203125 0.1328125
10 0.7939453125 0.802734375 0.078125 0.12890625
10 0.7734375 0.6181640625 0.08203125 0.13671875
10 0.75390625 0.5078125 0.0859375 0.1328125
10 0.724609375 0.263671875 0.09375 0.140625