5 0.4775390625 0.40625 0.078125 0.193359375
2 0.2041015625 0.2822265625 0.091796875 0.2265625
6 0.1884765625 0.43359375 0.078125 0.1484375
4 0.2470703125 0.80859375 0.07421875 0.130859375
4 0.30078125 0.328125 0.056640625 0.12109375
4 0.4814453125 0.234375 0.056640625 0.130859375
4 0.4619140625 0.669921875 0.06640625 0.13671875
4 0.3896484375 0.5361328125 0.06640625 0.125
4 0.5048828125 0.1337890625 0.05859375 0.125
6 0.416015625 0.0556640625 0.064453125 0.111328125
1 0.3876953125 0.1240234375 0.0625 0.1640625
1 0.6630859375 0.5263671875 0.08984375 0.16015625
9 0.658203125 0.291015625 0.0703125 0.146484375
9 0.7919921875 0.794921875 0.09375 0.16796875
12 0.8154296875 0.052734375 0.068359375 0.10546875
11 0.6611328125 0.1064453125 0.078125 0.1875
8 0.8642578125 0.3759765625 0.103515625 0.232421875
7 0.8330078125 0.1015625 0.072265625 0.158203125
7 0.6533203125 0.408203125 0.07421875 0.158203125
10 0.5849609375 0.0498046875 0.056640625 0.09765625
10 0.5849609375 0.2099609375 0.0625 0.125
10 0.740234375 0.1201171875 0.05859375 0.12109375
10 0.755859375 0.3046875 0.0625 0.12890625
10 0.759765625 0.4130859375 0.0703125 0.125
10 0.779296875 0.6572265625 0.07421875 0.130859375