5 0.4794921875 0.4267578125 0.0693359375 0.1806640625
2 0.224609375 0.296875 0.083984375 0.2138671875
6 0.205078125 0.439453125 0.07421875 0.1396484375
4 0.25 0.794921875 0.0673828125 0.123046875
4 0.3125 0.3447265625 0.052734375 0.11328125
4 0.486328125 0.26171875 0.05078125 0.1201171875
4 0.455078125 0.673828125 0.060546875 0.126953125
4 0.390625 0.544921875 0.060546875 0.1181640625
4 0.5107421875 0.169921875 0.0556640625 0.11328125
6 0.4306640625 0.08203125 0.0576171875 0.125
1 0.400390625 0.15625 0.0556640625 0.154296875
1 0.6513671875 0.546875 0.08203125 0.1513671875
9 0.6513671875 0.326171875 0.0625 0.13671875
9 0.7646484375 0.806640625 0.0869140625 0.15625
12 0.810546875 0.08984375 0.0625 0.1318359375
11 0.6611328125 0.1513671875 0.072265625 0.177734375
8 0.8447265625 0.4150390625 0.09375 0.21875
7 0.8232421875 0.154296875 0.064453125 0.1494140625
7 0.6455078125 0.4365234375 0.0693359375 0.1513671875
10 0.58984375 0.0869140625 0.05078125 0.10546875
10 0.5869140625 0.248046875 0.0576171875 0.115234375
10 0.734375 0.1669921875 0.0556640625 0.11328125
10 0.7451171875 0.341796875 0.0576171875 0.1201171875
10 0.7451171875 0.447265625 0.0625 0.115234375
10 0.7568359375 0.6767578125 0.0673828125 0.123046875