5 0.4912109375 0.4228515625 0.091796875 0.203125
2 0.2158203125 0.2802734375 0.107421875 0.23828125
6 0.19140625 0.4345703125 0.08984375 0.158203125
4 0.232421875 0.82421875 0.083984375 0.138671875
4 0.3134765625 0.3330078125 0.064453125 0.126953125
4 0.5048828125 0.24609375 0.06640625 0.13671875
4 0.4609375 0.693359375 0.076171875 0.14453125
4 0.3935546875 0.5517578125 0.076171875 0.1328125
4 0.5341796875 0.1435546875 0.068359375 0.130859375
6 0.4462890625 0.05859375 0.072265625 0.1171875
1 0.4140625 0.1279296875 0.072265625 0.171875
1 0.67578125 0.556640625 0.099609375 0.169921875
9 0.68359375 0.314453125 0.078125 0.154296875
9 0.7939453125 0.83984375 0.10546875 0.177734375
12 0.859375 0.076171875 0.078125 0.119140625
11 0.6953125 0.125 0.091796875 0.19921875
8 0.8896484375 0.4130859375 0.119140625 0.24609375
7 0.873046875 0.1279296875 0.08203125 0.166015625
7 0.671875 0.4345703125 0.083984375 0.166015625
10 0.6220703125 0.0595703125 0.064453125 0.109375
10 0.61328125 0.2275390625 0.0703125 0.130859375
10 0.77734375 0.142578125 0.068359375 0.12890625
10 0.783203125 0.333984375 0.0703125 0.13671875
10 0.78125 0.4453125 0.078125 0.130859375
10 0.7890625 0.6982421875 0.083984375 0.138671875