5 0.50390625 0.427734375 0.109375 0.193359375
2 0.7265625 0.2421875 0.130859375 0.228515625
6 0.7763671875 0.37890625 0.10546875 0.154296875
4 0.8134765625 0.7373046875 0.09375 0.13671875
4 0.650390625 0.3095703125 0.078125 0.123046875
4 0.4599609375 0.267578125 0.076171875 0.12890625
4 0.583984375 0.666015625 0.087890625 0.138671875
4 0.619140625 0.5234375 0.0859375 0.12890625
4 0.4150390625 0.181640625 0.080078125 0.123046875
6 0.474609375 0.078125 0.0859375 0.13671875
1 0.521484375 0.14453125 0.08984375 0.1640625
1 0.3623046875 0.5849609375 0.115234375 0.16796875
9 0.3125 0.3681640625 0.09375 0.1484375
9 0.310546875 0.8662109375 0.12109375 0.173828125
12 0.1025390625 0.171875 0.091796875 0.14453125
11 0.2626953125 0.19921875 0.111328125 0.19140625
8 0.1416015625 0.4990234375 0.142578125 0.236328125
7 0.1044921875 0.2373046875 0.09765625 0.162109375
7 0.34375 0.474609375 0.103515625 0.166015625
10 0.318359375 0.1181640625 0.07421875 0.115234375
10 0.359375 0.2763671875 0.083984375 0.126953125
10 0.1953125 0.23046875 0.080078125 0.123046875
10 0.2236328125 0.404296875 0.083984375 0.130859375
10 0.2470703125 0.5078125 0.087890625 0.126953125
10 0.2880859375 0.7373046875 0.09375 0.13671875