5 0.4853515625 0.3994140625 0.0771484375 0.1875
2 0.2197265625 0.279296875 0.0888671875 0.220703125
6 0.2041015625 0.42578125 0.0771484375 0.14453125
4 0.26171875 0.7900390625 0.072265625 0.126953125
4 0.3134765625 0.3232421875 0.0556640625 0.1181640625
4 0.4892578125 0.232421875 0.0556640625 0.126953125
4 0.4697265625 0.6552734375 0.064453125 0.1318359375
4 0.400390625 0.525390625 0.064453125 0.123046875
4 0.51171875 0.134765625 0.0576171875 0.1201171875
6 0.42578125 0.056640625 0.0625 0.11328125
1 0.3974609375 0.125 0.060546875 0.158203125
1 0.666015625 0.515625 0.0869140625 0.15625
9 0.6611328125 0.287109375 0.0673828125 0.1416015625
9 0.791015625 0.7763671875 0.091796875 0.1630859375
12 0.8134765625 0.0537109375 0.068359375 0.107421875
11 0.6630859375 0.1083984375 0.0771484375 0.1826171875
8 0.8603515625 0.3701171875 0.1005859375 0.2255859375
7 0.830078125 0.103515625 0.0693359375 0.154296875
7 0.65625 0.4013671875 0.072265625 0.154296875
10 0.58984375 0.05078125 0.0556640625 0.1005859375
10 0.58984375 0.208984375 0.060546875 0.1201171875
10 0.740234375 0.12109375 0.0576171875 0.1181640625
10 0.755859375 0.30078125 0.060546875 0.125
10 0.759765625 0.40625 0.0673828125 0.1201171875
10 0.779296875 0.642578125 0.072265625 0.126953125