12 0.1640625 0.076171875 0.072265625 0.1484375
8 0.1201171875 0.330078125 0.107421875 0.23828125
7 0.1484375 0.14453125 0.072265625 0.171875
11 0.3369140625 0.142578125 0.0859375 0.216796875
9 0.1884765625 0.9013671875 0.10546875 0.1875
10 0.2490234375 0.166015625 0.064453125 0.1328125
10 0.228515625 0.3671875 0.0625 0.130859375
10 0.2275390625 0.486328125 0.0703125 0.1328125
10 0.3369140625 0.634765625 0.07421875 0.130859375
2 0.833984375 0.330078125 0.107421875 0.2421875
1 0.6328125 0.162109375 0.06640625 0.1796875
6 0.6015625 0.0732421875 0.06640625 0.146484375
6 0.5263671875 0.3798828125 0.07421875 0.16015625
3 0.2060546875 0.728515625 0.08984375 0.1953125
3 0.333984375 0.48828125 0.080078125 0.1796875
4 0.4248046875 0.1875 0.064453125 0.12890625
4 0.732421875 0.3798828125 0.05859375 0.1328125
4 0.525390625 0.9248046875 0.072265625 0.138671875
4 0.5556640625 0.759765625 0.0703125 0.138671875
4 0.6337890625 0.6123046875 0.0703125 0.138671875