12 0.1279296875 0.859375 0.076171875 0.140625
8 0.12109375 0.62890625 0.115234375 0.22265625
7 0.123046875 0.796875 0.080078125 0.158203125
11 0.2900390625 0.8212890625 0.095703125 0.201171875
9 0.2529296875 0.1337890625 0.107421875 0.17578125
10 0.2158203125 0.7900390625 0.068359375 0.125
10 0.2216796875 0.6083984375 0.06640625 0.123046875
10 0.236328125 0.50390625 0.072265625 0.126953125
10 0.3525390625 0.3876953125 0.076171875 0.125
2 0.7529296875 0.72265625 0.1171875 0.228515625
1 0.5537109375 0.8447265625 0.07421875 0.166015625
6 0.5166015625 0.921875 0.07421875 0.1484375
6 0.486328125 0.6376953125 0.080078125 0.1484375
3 0.2470703125 0.2900390625 0.095703125 0.18359375
3 0.330078125 0.517578125 0.087890625 0.169921875
4 0.3740234375 0.7939453125 0.064453125 0.119140625
4 0.66796875 0.6640625 0.0625 0.123046875
4 0.5546875 0.15625 0.072265625 0.12890625
4 0.5595703125 0.3046875 0.0703125 0.126953125
4 0.6103515625 0.4482421875 0.072265625 0.1328125