12 0.8818359375 0.953125 0.072265625 0.09375
8 0.9326171875 0.736328125 0.111328125 0.232421875
7 0.8994140625 0.9140625 0.07421875 0.16796875
11 0.71875 0.9013671875 0.08984375 0.197265625
9 0.88671875 0.18359375 0.107421875 0.18359375
10 0.8037109375 0.8896484375 0.06640625 0.130859375
10 0.8291015625 0.6962890625 0.064453125 0.12890625
10 0.8349609375 0.5810546875 0.072265625 0.130859375
10 0.734375 0.4345703125 0.076171875 0.12890625
2 0.2451171875 0.7119140625 0.111328125 0.23828125
1 0.43359375 0.880859375 0.0703125 0.17578125
6 0.4599609375 0.947265625 0.068359375 0.10546875
6 0.54296875 0.6748046875 0.078125 0.15625
3 0.8642578125 0.3486328125 0.09375 0.19140625
3 0.7314453125 0.576171875 0.083984375 0.17578125
4 0.6337890625 0.86328125 0.06640625 0.126953125
4 0.3447265625 0.66796875 0.060546875 0.130859375
4 0.5625 0.1484375 0.07421875 0.13671875
4 0.52734375 0.3076171875 0.072265625 0.13671875
4 0.4482421875 0.4462890625 0.072265625 0.13671875