12 0.822265625 0.107421875 0.0625 0.1318359375
8 0.853515625 0.33203125 0.091796875 0.2119140625
7 0.833984375 0.1669921875 0.0625 0.1513671875
11 0.6669921875 0.1611328125 0.07421875 0.1923828125
9 0.775390625 0.830078125 0.0888671875 0.166015625
10 0.744140625 0.18359375 0.0556640625 0.1181640625
10 0.7568359375 0.36328125 0.052734375 0.115234375
10 0.75390625 0.466796875 0.060546875 0.1201171875
10 0.6513671875 0.5927734375 0.0625 0.1181640625
2 0.224609375 0.3056640625 0.09375 0.216796875
1 0.40625 0.166015625 0.0576171875 0.158203125
6 0.435546875 0.0849609375 0.0576171875 0.1416015625
6 0.494140625 0.3603515625 0.064453125 0.1396484375
3 0.7646484375 0.677734375 0.0771484375 0.1728515625
3 0.66015625 0.462890625 0.0693359375 0.1611328125
4 0.5888671875 0.1962890625 0.052734375 0.11328125
4 0.3134765625 0.3544921875 0.05078125 0.1181640625
4 0.4775390625 0.83984375 0.060546875 0.123046875
4 0.45703125 0.6943359375 0.0576171875 0.1201171875
4 0.3916015625 0.560546875 0.0576171875 0.125