12 0.150390625 0.087890625 0.064453125 0.1318359375
8 0.1103515625 0.31640625 0.095703125 0.2138671875
7 0.1357421875 0.1494140625 0.064453125 0.154296875
11 0.3056640625 0.1474609375 0.0771484375 0.1943359375
9 0.171875 0.8291015625 0.09375 0.16796875
10 0.2255859375 0.16796875 0.0576171875 0.1201171875
10 0.2080078125 0.349609375 0.0556640625 0.1181640625
10 0.20703125 0.45703125 0.0625 0.1201171875
10 0.3056640625 0.58984375 0.0673828125 0.1181640625
2 0.751953125 0.31640625 0.095703125 0.21875
1 0.5712890625 0.1650390625 0.060546875 0.1611328125
6 0.544921875 0.080078125 0.060546875 0.1416015625
6 0.4755859375 0.3603515625 0.0673828125 0.14453125
3 0.1875 0.673828125 0.08203125 0.17578125
3 0.302734375 0.4580078125 0.072265625 0.1611328125
4 0.384765625 0.1875 0.0576171875 0.115234375
4 0.6611328125 0.3603515625 0.052734375 0.1201171875
4 0.474609375 0.8505859375 0.064453125 0.125
4 0.501953125 0.7021484375 0.0625 0.125
4 0.572265625 0.5693359375 0.0625 0.125