12 0.23828125 0.9521484375 0.09375 0.095703125
8 0.1591796875 0.75 0.138671875 0.240234375
7 0.21484375 0.9169921875 0.09765625 0.166015625
11 0.390625 0.8916015625 0.1171875 0.216796875
9 0.1396484375 0.208984375 0.126953125 0.193359375
10 0.3046875 0.8828125 0.08203125 0.134765625
10 0.2548828125 0.697265625 0.080078125 0.1328125
10 0.2373046875 0.587890625 0.087890625 0.138671875
10 0.3193359375 0.43359375 0.08984375 0.13671875
2 0.8271484375 0.6494140625 0.142578125 0.248046875
1 0.6640625 0.8330078125 0.09375 0.177734375
6 0.650390625 0.9130859375 0.0859375 0.140625
6 0.5322265625 0.6455078125 0.095703125 0.16015625
3 0.1826171875 0.3671875 0.115234375 0.197265625
3 0.3369140625 0.572265625 0.107421875 0.18359375
4 0.466796875 0.8388671875 0.078125 0.12890625
4 0.7236328125 0.6162109375 0.076171875 0.134765625
4 0.451171875 0.138671875 0.087890625 0.142578125
4 0.5029296875 0.2861328125 0.0859375 0.138671875
4 0.5986328125 0.4150390625 0.0859375 0.142578125