5 0.3994140625 0.29296875 0.0869140625 0.1875
3 0.55859375 0.4072265625 0.0791015625 0.146484375
7 0.5576171875 0.6162109375 0.0771484375 0.15625
11 0.6474609375 0.2958984375 0.07421875 0.1826171875
9 0.841796875 0.6142578125 0.08203125 0.1708984375
8 0.744140625 0.37890625 0.0888671875 0.2041015625
12 0.81640625 0.0625 0.0693359375 0.10546875
12 0.74609375 0.765625 0.0888671875 0.146484375
10 0.744140625 0.630859375 0.0693359375 0.11328125
10 0.7294921875 0.2197265625 0.060546875 0.1083984375
10 0.7353515625 0.060546875 0.0625 0.1005859375
10 0.568359375 0.3076171875 0.05078125 0.10546875
10 0.544921875 0.7587890625 0.0693359375 0.123046875
4 0.4912109375 0.0625 0.060546875 0.10546875
4 0.3212890625 0.23046875 0.060546875 0.115234375
4 0.341796875 0.140625 0.0576171875 0.1083984375
4 0.486328125 0.3056640625 0.060546875 0.1103515625
4 0.37109375 0.5166015625 0.064453125 0.125
4 0.2958984375 0.4111328125 0.0576171875 0.1201171875
2 0.201171875 0.37109375 0.0888671875 0.2138671875
6 0.140625 0.751953125 0.0888671875 0.1494140625