5 0.39453125 0.7119140625 0.099609375 0.19921875
3 0.56640625 0.6025390625 0.08984375 0.15625
7 0.5751953125 0.3857421875 0.087890625 0.166015625
11 0.6513671875 0.7216796875 0.087890625 0.193359375
9 0.869140625 0.404296875 0.09375 0.181640625
8 0.755859375 0.6416015625 0.103515625 0.216796875
12 0.8125 0.95703125 0.078125 0.0859375
12 0.7783203125 0.2421875 0.099609375 0.15625
10 0.76953125 0.380859375 0.078125 0.12109375
10 0.7314453125 0.8046875 0.068359375 0.115234375
10 0.7275390625 0.9580078125 0.068359375 0.083984375
10 0.5703125 0.705078125 0.056640625 0.111328125
10 0.5693359375 0.23828125 0.078125 0.130859375
4 0.4775390625 0.9482421875 0.068359375 0.103515625
4 0.3095703125 0.771484375 0.068359375 0.123046875
4 0.326171875 0.865234375 0.064453125 0.115234375
4 0.4853515625 0.7041015625 0.068359375 0.1171875
4 0.3779296875 0.478515625 0.07421875 0.1328125
4 0.2939453125 0.583984375 0.06640625 0.126953125
2 0.193359375 0.6201171875 0.103515625 0.2265625
6 0.1513671875 0.22265625 0.099609375 0.158203125