5 0.33984375 0.7109375 0.1171875 0.2109375
3 0.5234375 0.6103515625 0.103515625 0.166015625
7 0.5498046875 0.388671875 0.1015625 0.17578125
11 0.603515625 0.740234375 0.1015625 0.203125
9 0.8505859375 0.427734375 0.109375 0.19140625
8 0.7158203125 0.6640625 0.12109375 0.228515625
12 0.7529296875 0.9736328125 0.083984375 0.052734375
12 0.76953125 0.255859375 0.11328125 0.166015625
10 0.7490234375 0.3974609375 0.087890625 0.12890625
10 0.6796875 0.8310546875 0.078125 0.123046875
10 0.666015625 0.9716796875 0.07421875 0.056640625
10 0.521484375 0.716796875 0.06640625 0.119140625
10 0.5537109375 0.2373046875 0.08984375 0.138671875
4 0.41015625 0.951171875 0.07421875 0.08984375
4 0.2490234375 0.7666015625 0.078125 0.130859375
4 0.2587890625 0.8642578125 0.07421875 0.12109375
4 0.43359375 0.708984375 0.078125 0.125
4 0.33984375 0.4697265625 0.0859375 0.140625
4 0.24609375 0.572265625 0.076171875 0.134765625
2 0.140625 0.6015625 0.12109375 0.23828125
6 0.1259765625 0.1904296875 0.11328125 0.169921875