6 0.1083984375 0.177734375 0.09375 0.16015625
12 0.3369140625 0.201171875 0.080078125 0.162109375
2 0.23828125 0.3447265625 0.103515625 0.2265625
5 0.3720703125 0.6982421875 0.078125 0.203125
4 0.263671875 0.56640625 0.0703125 0.130859375
4 0.283203125 0.767578125 0.0625 0.130859375
4 0.3515625 0.453125 0.05859375 0.126953125
3 0.5595703125 0.587890625 0.078125 0.16015625
4 0.4677734375 0.6953125 0.052734375 0.119140625
9 0.474609375 0.88671875 0.06640625 0.158203125
9 0.5595703125 0.2001953125 0.08203125 0.1796875
7 0.56640625 0.3486328125 0.064453125 0.166015625
11 0.646484375 0.7109375 0.07421875 0.208984375
8 0.755859375 0.6259765625 0.0859375 0.23828125
12 0.81640625 0.9609375 0.05859375 0.078125
10 0.560546875 0.6943359375 0.05859375 0.119140625
10 0.7314453125 0.9609375 0.060546875 0.078125
10 0.7314453125 0.7998046875 0.0625 0.125
10 0.771484375 0.34375 0.072265625 0.130859375