6 0.134765625 0.75390625 0.08203125 0.1416015625
12 0.337890625 0.7353515625 0.0693359375 0.14453125
2 0.251953125 0.60546875 0.091796875 0.2021484375
5 0.3837890625 0.294921875 0.0693359375 0.1806640625
4 0.2822265625 0.41015625 0.060546875 0.1181640625
4 0.302734375 0.2294921875 0.052734375 0.11328125
4 0.357421875 0.5107421875 0.05078125 0.11328125
3 0.546875 0.39453125 0.0693359375 0.1396484375
4 0.46875 0.2978515625 0.0478515625 0.10546875
9 0.4755859375 0.126953125 0.0576171875 0.1396484375
9 0.5361328125 0.740234375 0.072265625 0.158203125
7 0.5458984375 0.607421875 0.0576171875 0.146484375
11 0.626953125 0.287109375 0.0625 0.1806640625
8 0.72265625 0.3642578125 0.07421875 0.208984375
12 0.78515625 0.0556640625 0.05078125 0.091796875
10 0.548828125 0.30078125 0.05078125 0.10546875
10 0.70703125 0.052734375 0.052734375 0.091796875
10 0.7041015625 0.2080078125 0.052734375 0.1083984375
10 0.7294921875 0.615234375 0.064453125 0.115234375