6 0.796875 0.1552734375 0.1171875 0.162109375
12 0.5966796875 0.224609375 0.10546875 0.162109375
2 0.71484375 0.333984375 0.142578125 0.2265625
5 0.6611328125 0.6787109375 0.115234375 0.19921875
4 0.734375 0.5380859375 0.08984375 0.1328125
4 0.7578125 0.724609375 0.08203125 0.126953125
4 0.6337890625 0.455078125 0.078125 0.126953125
3 0.47265625 0.619140625 0.10546875 0.158203125
4 0.57421875 0.697265625 0.07421875 0.119140625
9 0.6103515625 0.8701171875 0.091796875 0.154296875
9 0.396484375 0.26953125 0.111328125 0.177734375
7 0.419921875 0.40625 0.09375 0.162109375
11 0.41796875 0.7470703125 0.107421875 0.197265625
8 0.3037109375 0.6943359375 0.126953125 0.228515625
12 0.31640625 0.9833984375 0.0703125 0.033203125
10 0.4931640625 0.7138671875 0.076171875 0.119140625
10 0.396484375 0.9755859375 0.07421875 0.048828125
10 0.3603515625 0.845703125 0.080078125 0.123046875
10 0.2333984375 0.443359375 0.09375 0.1328125