6 0.0947265625 0.197265625 0.107421875 0.166015625
12 0.3154296875 0.244140625 0.095703125 0.166015625
2 0.2041015625 0.373046875 0.123046875 0.23046875
5 0.2998046875 0.7314453125 0.09765625 0.205078125
4 0.2060546875 0.5908203125 0.080078125 0.1328125
4 0.205078125 0.7890625 0.072265625 0.1328125
4 0.3037109375 0.490234375 0.0703125 0.12890625
3 0.4931640625 0.6435546875 0.091796875 0.162109375
4 0.392578125 0.73828125 0.064453125 0.12109375
9 0.380859375 0.9189453125 0.080078125 0.14453125
9 0.533203125 0.2646484375 0.09765625 0.181640625
7 0.5224609375 0.4111328125 0.080078125 0.166015625
11 0.5654296875 0.771484375 0.091796875 0.208984375
8 0.6787109375 0.7001953125 0.107421875 0.240234375
12 0.70703125 0.9951171875 0.05859375 0.009765625
10 0.4814453125 0.7470703125 0.0703125 0.123046875
10 0.6240234375 0.9921875 0.060546875 0.015625
10 0.6376953125 0.8671875 0.072265625 0.126953125
10 0.7236328125 0.4267578125 0.083984375 0.1328125