6 0.884765625 0.7490234375 0.08203125 0.1416015625
12 0.6787109375 0.73046875 0.0693359375 0.14453125
2 0.765625 0.6005859375 0.0888671875 0.2021484375
5 0.6396484375 0.287109375 0.0673828125 0.1806640625
4 0.7392578125 0.404296875 0.060546875 0.115234375
4 0.71875 0.2236328125 0.052734375 0.115234375
4 0.662109375 0.505859375 0.05078125 0.11328125
3 0.4736328125 0.388671875 0.0673828125 0.1416015625
4 0.5537109375 0.291015625 0.0458984375 0.10546875
9 0.5458984375 0.1201171875 0.0576171875 0.1396484375
9 0.4794921875 0.7353515625 0.0693359375 0.158203125
7 0.47265625 0.6025390625 0.0556640625 0.146484375
11 0.39453125 0.2802734375 0.0625 0.185546875
8 0.2978515625 0.3583984375 0.072265625 0.2119140625
12 0.2392578125 0.046875 0.05078125 0.09375
10 0.47265625 0.29296875 0.05078125 0.10546875
10 0.314453125 0.0458984375 0.052734375 0.091796875
10 0.3173828125 0.2021484375 0.052734375 0.1103515625
10 0.2880859375 0.6103515625 0.0625 0.115234375