6 0.046875 0.6806640625 0.09375 0.166015625
12 0.2490234375 0.7119140625 0.107421875 0.166015625
2 0.19140625 0.556640625 0.142578125 0.23046875
5 0.400390625 0.2666015625 0.115234375 0.203125
4 0.2685546875 0.361328125 0.08984375 0.13671875
4 0.3330078125 0.1796875 0.08203125 0.12890625
4 0.3212890625 0.4833984375 0.080078125 0.12890625
3 0.5458984375 0.408203125 0.10546875 0.162109375
4 0.48828125 0.291015625 0.07421875 0.12109375
9 0.537109375 0.115234375 0.09375 0.158203125
9 0.4521484375 0.763671875 0.111328125 0.181640625
7 0.494140625 0.6279296875 0.095703125 0.166015625
11 0.654296875 0.3173828125 0.107421875 0.201171875
8 0.7353515625 0.4189453125 0.126953125 0.234375
12 0.8720703125 0.119140625 0.072265625 0.099609375
10 0.5703125 0.3115234375 0.078125 0.12109375
10 0.791015625 0.0986328125 0.072265625 0.095703125
10 0.7529296875 0.25390625 0.080078125 0.125
10 0.681640625 0.6806640625 0.095703125 0.134765625