11 0.8076171875 0.279296875 0.0859375 0.19140625
8 0.822265625 0.3779296875 0.08984375 0.21484375
9 0.6181640625 0.1826171875 0.07421875 0.154296875
9 0.810546875 0.63671875 0.083984375 0.16015625
12 0.703125 0.7841796875 0.078125 0.15234375
12 0.7998046875 0.0517578125 0.06640625 0.0859375
7 0.826171875 0.5146484375 0.078125 0.154296875
7 0.6328125 0.04296875 0.060546875 0.080078125
10 0.5341796875 0.2890625 0.05078125 0.103515625
10 0.5517578125 0.1181640625 0.048828125 0.107421875
10 0.7138671875 0.0478515625 0.052734375 0.083984375
10 0.7080078125 0.2158203125 0.052734375 0.109375
10 0.7041015625 0.4228515625 0.064453125 0.11328125
10 0.7080078125 0.533203125 0.060546875 0.1171875
10 0.7001953125 0.646484375 0.0625 0.123046875
10 0.4912109375 0.765625 0.068359375 0.123046875
3 0.376953125 0.0947265625 0.05859375 0.1484375
3 0.5224609375 0.39453125 0.07421875 0.158203125
5 0.1484375 0.255859375 0.08203125 0.166015625
2 0.140625 0.3427734375 0.09375 0.20703125
6 0.3837890625 0.04296875 0.056640625 0.0859375
6 0.05859375 0.7431640625 0.087890625 0.146484375
1 0.193359375 0.1708984375 0.05859375 0.1484375
1 0.2119140625 0.6181640625 0.07421875 0.158203125
4 0.220703125 0.5029296875 0.06640625 0.107421875
4 0.2412109375 0.388671875 0.0625 0.1171875
4 0.3125 0.62890625 0.064453125 0.115234375
4 0.275390625 0.763671875 0.064453125 0.119140625
4 0.279296875 0.197265625 0.056640625 0.107421875
4 0.294921875 0.1083984375 0.05078125 0.111328125
4 0.45703125 0.041015625 0.05078125 0.08203125
4 0.4443359375 0.287109375 0.052734375 0.1171875