11 0.1943359375 0.271484375 0.072265625 0.1728515625
8 0.1787109375 0.361328125 0.07421875 0.1943359375
9 0.3701171875 0.189453125 0.0625 0.1396484375
9 0.1806640625 0.5986328125 0.072265625 0.14453125
12 0.2744140625 0.736328125 0.0673828125 0.13671875
12 0.208984375 0.0517578125 0.0576171875 0.103515625
7 0.1708984375 0.4853515625 0.0673828125 0.1396484375
7 0.3623046875 0.048828125 0.052734375 0.09765625
10 0.4443359375 0.2900390625 0.04296875 0.09375
10 0.43359375 0.1318359375 0.041015625 0.095703125
10 0.287109375 0.052734375 0.0458984375 0.095703125
10 0.287109375 0.2177734375 0.0458984375 0.0986328125
10 0.28515625 0.40625 0.0556640625 0.1005859375
10 0.27734375 0.5068359375 0.05078125 0.10546875
10 0.28125 0.6103515625 0.052734375 0.1103515625
10 0.46875 0.7255859375 0.0576171875 0.1103515625
3 0.59375 0.1181640625 0.0478515625 0.134765625
3 0.4521484375 0.3857421875 0.0625 0.1416015625
5 0.796875 0.271484375 0.0693359375 0.1494140625
2 0.8017578125 0.3505859375 0.0791015625 0.1875
6 0.587890625 0.0537109375 0.046875 0.107421875
6 0.8642578125 0.7197265625 0.07421875 0.1318359375
1 0.759765625 0.1923828125 0.0478515625 0.134765625
1 0.728515625 0.599609375 0.0625 0.1416015625
4 0.7236328125 0.4951171875 0.0576171875 0.095703125
4 0.708984375 0.3896484375 0.052734375 0.10546875
4 0.6357421875 0.607421875 0.0556640625 0.103515625
4 0.6650390625 0.73046875 0.0556640625 0.10546875
4 0.6806640625 0.2138671875 0.0478515625 0.095703125
4 0.66796875 0.1318359375 0.04296875 0.1005859375
4 0.521484375 0.0556640625 0.04296875 0.095703125
4 0.5263671875 0.291015625 0.04296875 0.10546875