11 0.8955078125 0.234375 0.09375 0.19921875
8 0.90625 0.3359375 0.09765625 0.22265625
9 0.7060546875 0.12890625 0.080078125 0.16015625
9 0.88671875 0.599609375 0.091796875 0.166015625
12 0.771484375 0.7470703125 0.0859375 0.158203125
7 0.90625 0.474609375 0.0859375 0.16015625
10 0.615234375 0.2353515625 0.056640625 0.107421875
10 0.6396484375 0.0615234375 0.052734375 0.107421875
10 0.796875 0.166015625 0.05859375 0.11328125
10 0.7841796875 0.376953125 0.068359375 0.1171875
10 0.7841796875 0.490234375 0.064453125 0.12109375
10 0.7724609375 0.60546875 0.068359375 0.126953125
10 0.5546875 0.71875 0.072265625 0.12890625
3 0.4619140625 0.0537109375 0.060546875 0.107421875
3 0.6005859375 0.341796875 0.08203125 0.162109375
5 0.224609375 0.1875 0.08984375 0.171875
2 0.2119140625 0.275390625 0.103515625 0.21484375
6 0.470703125 0.0107421875 0.0546875 0.021484375
6 0.1142578125 0.681640625 0.09375 0.15234375
1 0.271484375 0.1015625 0.064453125 0.154296875
1 0.2744140625 0.55859375 0.08203125 0.162109375
4 0.2890625 0.4423828125 0.072265625 0.111328125
4 0.3125 0.3251953125 0.068359375 0.12109375
4 0.376953125 0.5732421875 0.0703125 0.119140625
4 0.3359375 0.7099609375 0.0703125 0.123046875
4 0.3583984375 0.1318359375 0.060546875 0.111328125
4 0.3779296875 0.0498046875 0.056640625 0.099609375
4 0.5244140625 0.2294921875 0.056640625 0.12109375