2 0.779296875 0.4013671875 0.0859375 0.21875
6 0.9140625 0.2490234375 0.080078125 0.15234375
12 0.693359375 0.251953125 0.080078125 0.150390625
4 0.7333984375 0.814453125 0.05859375 0.11328125
4 0.6728515625 0.4990234375 0.05859375 0.111328125
5 0.642578125 0.73828125 0.072265625 0.19140625
3 0.470703125 0.6142578125 0.0703125 0.15625
4 0.5517578125 0.7197265625 0.048828125 0.111328125
11 0.3828125 0.724609375 0.078125 0.1875
8 0.27734375 0.62890625 0.078125 0.21875
12 0.1875 0.8095703125 0.0703125 0.138671875
10 0.4638671875 0.7177734375 0.052734375 0.111328125
10 0.3857421875 0.8876953125 0.05859375 0.119140625
10 0.2939453125 0.96484375 0.052734375 0.0703125
10 0.26953125 0.3544921875 0.0625 0.130859375