2 0.29296875 0.68359375 0.109375 0.212890625
6 0.1865234375 0.8447265625 0.091796875 0.150390625
12 0.3935546875 0.810546875 0.095703125 0.15234375
4 0.2841796875 0.291015625 0.06640625 0.11328125
4 0.3818359375 0.576171875 0.0703125 0.111328125
5 0.3759765625 0.3505859375 0.091796875 0.1875
3 0.552734375 0.4423828125 0.087890625 0.154296875
4 0.4658203125 0.3544921875 0.0625 0.111328125
11 0.62109375 0.328125 0.09765625 0.18359375
8 0.732421875 0.404296875 0.1015625 0.212890625
12 0.79296875 0.22265625 0.083984375 0.138671875
10 0.5458984375 0.3466796875 0.0625 0.111328125
10 0.5986328125 0.1748046875 0.0703125 0.119140625
10 0.669921875 0.072265625 0.0625 0.11328125
10 0.7763671875 0.6591796875 0.078125 0.130859375