2 0.216796875 0.380859375 0.08984375 0.23046875
6 0.068359375 0.224609375 0.083984375 0.162109375
12 0.3017578125 0.21875 0.083984375 0.158203125
4 0.28125 0.814453125 0.060546875 0.12109375
4 0.33203125 0.48046875 0.0625 0.119140625
5 0.373046875 0.7314453125 0.076171875 0.201171875
3 0.5498046875 0.5927734375 0.07421875 0.1640625
4 0.46875 0.708984375 0.052734375 0.1171875
11 0.6474609375 0.7060546875 0.08203125 0.197265625
8 0.7548828125 0.6015625 0.083984375 0.23046875
12 0.85546875 0.7900390625 0.07421875 0.146484375
10 0.560546875 0.7021484375 0.056640625 0.1171875
10 0.650390625 0.87890625 0.060546875 0.125
10 0.748046875 0.9580078125 0.0546875 0.076171875
10 0.751953125 0.3125 0.06640625 0.138671875