2 0.2666015625 0.646484375 0.0771484375 0.2021484375
6 0.138671875 0.7880859375 0.0693359375 0.1396484375
12 0.345703125 0.787109375 0.072265625 0.1416015625
4 0.318359375 0.26171875 0.05078125 0.10546875
4 0.3701171875 0.556640625 0.052734375 0.103515625
5 0.400390625 0.333984375 0.064453125 0.177734375
3 0.55859375 0.4521484375 0.064453125 0.14453125
4 0.486328125 0.3525390625 0.0458984375 0.103515625
11 0.642578125 0.3505859375 0.0693359375 0.1728515625
8 0.7392578125 0.4423828125 0.0693359375 0.2021484375
12 0.8271484375 0.2744140625 0.0625 0.1298828125
10 0.56640625 0.357421875 0.0458984375 0.103515625
10 0.64453125 0.197265625 0.052734375 0.1103515625
10 0.7294921875 0.1083984375 0.0458984375 0.10546875
10 0.7431640625 0.6982421875 0.0576171875 0.123046875