2 0.78125 0.59375 0.08203125 0.216796875
6 0.91796875 0.744140625 0.0771484375 0.1513671875
12 0.697265625 0.7451171875 0.0771484375 0.1494140625
4 0.7275390625 0.181640625 0.0556640625 0.11328125
4 0.6728515625 0.498046875 0.0576171875 0.1103515625
5 0.638671875 0.2587890625 0.0693359375 0.189453125
3 0.46875 0.38671875 0.0673828125 0.154296875
4 0.5478515625 0.279296875 0.0478515625 0.1103515625
11 0.37890625 0.27734375 0.07421875 0.185546875
8 0.275390625 0.375 0.07421875 0.216796875
12 0.1826171875 0.1962890625 0.0673828125 0.13671875
10 0.4599609375 0.283203125 0.05078125 0.1103515625
10 0.37890625 0.1142578125 0.0556640625 0.1181640625
10 0.287109375 0.037109375 0.05078125 0.07421875
10 0.2724609375 0.6494140625 0.060546875 0.1298828125