2 0.2158203125 0.7080078125 0.109375 0.232421875
6 0.0888671875 0.87890625 0.09375 0.162109375
12 0.3193359375 0.853515625 0.095703125 0.166015625
4 0.228515625 0.2763671875 0.068359375 0.123046875
4 0.3193359375 0.595703125 0.0703125 0.12109375
5 0.3271484375 0.3466796875 0.091796875 0.205078125
3 0.5166015625 0.4580078125 0.087890625 0.166015625
4 0.423828125 0.35546875 0.0625 0.119140625
11 0.5966796875 0.3369140625 0.09765625 0.19921875
8 0.7138671875 0.4267578125 0.099609375 0.23046875
12 0.7919921875 0.2294921875 0.083984375 0.150390625
10 0.5126953125 0.3525390625 0.0625 0.119140625
10 0.5810546875 0.166015625 0.0703125 0.12890625
10 0.6640625 0.05859375 0.0625 0.1171875
10 0.748046875 0.7099609375 0.078125 0.142578125