9 0.5966796875 0.384765625 0.123046875 0.19140625
1 0.548828125 0.6201171875 0.111328125 0.177734375
11 0.56640625 0.9189453125 0.1171875 0.162109375
8 0.80859375 0.83203125 0.140625 0.236328125
12 0.71484375 0.9853515625 0.08984375 0.029296875
10 0.6494140625 0.9384765625 0.095703125 0.123046875
10 0.7138671875 0.765625 0.099609375 0.140625
10 0.6162109375 0.755859375 0.0859375 0.1328125
10 0.6748046875 0.4990234375 0.099609375 0.142578125
3 0.814453125 0.453125 0.123046875 0.19921875
6 0.314453125 0.9248046875 0.080078125 0.09765625
1 0.4189453125 0.8056640625 0.10546875 0.171875
4 0.4990234375 0.892578125 0.087890625 0.134765625
4 0.2607421875 0.6435546875 0.087890625 0.14453125
4 0.5048828125 0.33984375 0.09375 0.15234375
4 0.400390625 0.4541015625 0.09375 0.138671875
2 0.1591796875 0.662109375 0.146484375 0.236328125