9 0.4677734375 0.33984375 0.091796875 0.171875
1 0.4267578125 0.5576171875 0.083984375 0.16015625
11 0.2998046875 0.833984375 0.08984375 0.197265625
8 0.1318359375 0.6494140625 0.103515625 0.21484375
12 0.140625 0.8720703125 0.080078125 0.140625
10 0.2265625 0.8037109375 0.07421875 0.12109375
10 0.2353515625 0.6259765625 0.078125 0.125
10 0.322265625 0.6513671875 0.064453125 0.1171875
10 0.3603515625 0.41015625 0.078125 0.126953125
3 0.255859375 0.3212890625 0.091796875 0.1796875
6 0.5205078125 0.927734375 0.072265625 0.138671875
1 0.4736328125 0.7626953125 0.080078125 0.15625
4 0.375 0.8095703125 0.06640625 0.12109375
4 0.6669921875 0.6767578125 0.06640625 0.130859375
4 0.5625 0.3330078125 0.0703125 0.138671875
4 0.6123046875 0.466796875 0.072265625 0.123046875
2 0.7470703125 0.7294921875 0.109375 0.212890625