9 0.4521484375 0.6474609375 0.072265625 0.1611328125
1 0.4384765625 0.4306640625 0.064453125 0.1494140625
11 0.34765625 0.146484375 0.064453125 0.1875
8 0.1611328125 0.3056640625 0.0771484375 0.2021484375
12 0.197265625 0.08984375 0.0625 0.1318359375
10 0.2724609375 0.1669921875 0.060546875 0.11328125
10 0.259765625 0.341796875 0.0625 0.115234375
10 0.34765625 0.3271484375 0.05078125 0.1103515625
10 0.35546875 0.56640625 0.0625 0.1181640625
3 0.244140625 0.6396484375 0.0693359375 0.16796875
6 0.5732421875 0.08203125 0.0556640625 0.1298828125
1 0.5087890625 0.236328125 0.060546875 0.146484375
4 0.41796875 0.1787109375 0.052734375 0.11328125
4 0.6865234375 0.3427734375 0.05078125 0.123046875
4 0.54296875 0.666015625 0.052734375 0.1298828125
4 0.6083984375 0.541015625 0.0576171875 0.115234375
2 0.7705078125 0.3017578125 0.083984375 0.19921875