7 0.447265625 0.564453125 0.06640625 0.1484375
9 0.458984375 0.3515625 0.07421875 0.166015625
11 0.349609375 0.853515625 0.06640625 0.185546875
12 0.431640625 0.8369140625 0.0625 0.13671875
8 0.169921875 0.6923828125 0.0859375 0.21484375
10 0.2802734375 0.83203125 0.048828125 0.11328125
10 0.36328125 0.4306640625 0.05859375 0.125
10 0.2646484375 0.65625 0.060546875 0.1171875
6 0.275390625 0.9296875 0.05859375 0.1328125
3 0.24609375 0.349609375 0.07421875 0.158203125
1 0.4501953125 0.677734375 0.0546875 0.146484375
2 0.78125 0.69921875 0.0859375 0.20703125
4 0.69140625 0.6552734375 0.0546875 0.11328125
4 0.6171875 0.4560546875 0.05859375 0.12109375
4 0.5498046875 0.32421875 0.060546875 0.12109375