7 0.423828125 0.5546875 0.103515625 0.171875
9 0.388671875 0.3271484375 0.115234375 0.19140625
11 0.38671875 0.8818359375 0.111328125 0.2109375
12 0.46875 0.845703125 0.09765625 0.158203125
8 0.1591796875 0.7529296875 0.138671875 0.24609375
10 0.3076171875 0.8740234375 0.076171875 0.12890625
10 0.3046875 0.4326171875 0.08984375 0.14453125
10 0.2509765625 0.6923828125 0.08984375 0.13671875
6 0.3232421875 0.951171875 0.091796875 0.09765625
3 0.1640625 0.3740234375 0.11328125 0.18359375
1 0.4521484375 0.673828125 0.091796875 0.16796875
2 0.8076171875 0.62109375 0.13671875 0.23828125
4 0.7021484375 0.595703125 0.0859375 0.134765625
4 0.5791015625 0.40234375 0.08984375 0.142578125
4 0.478515625 0.279296875 0.091796875 0.142578125