7 0.44140625 0.431640625 0.064453125 0.146484375
9 0.4521484375 0.6416015625 0.072265625 0.1630859375
11 0.3447265625 0.146484375 0.064453125 0.1826171875
12 0.42578125 0.1630859375 0.0625 0.134765625
8 0.1669921875 0.3056640625 0.083984375 0.2119140625
10 0.2763671875 0.16796875 0.0478515625 0.1103515625
10 0.3583984375 0.5634765625 0.0576171875 0.123046875
10 0.2607421875 0.341796875 0.060546875 0.115234375
6 0.271484375 0.072265625 0.0576171875 0.1298828125
3 0.2431640625 0.642578125 0.072265625 0.15625
1 0.443359375 0.3193359375 0.0556640625 0.14453125
2 0.7705078125 0.298828125 0.083984375 0.2041015625
4 0.681640625 0.3427734375 0.0556640625 0.11328125
4 0.6083984375 0.5380859375 0.0576171875 0.1201171875
4 0.5419921875 0.66796875 0.060546875 0.1201171875