2 0.802734375 0.3447265625 0.111328125 0.2265625
1 0.642578125 0.171875 0.076171875 0.16796875
1 0.337890625 0.5458984375 0.09375 0.16796875
3 0.6171875 0.361328125 0.083984375 0.166015625
3 0.3916015625 0.810546875 0.107421875 0.18359375
6 0.625 0.091796875 0.07421875 0.142578125
6 0.5224609375 0.4580078125 0.08984375 0.154296875
4 0.7060546875 0.849609375 0.091796875 0.14453125
4 0.70703125 0.3779296875 0.07421875 0.123046875
4 0.5283203125 0.1767578125 0.064453125 0.12109375
4 0.4521484375 0.17578125 0.07421875 0.12109375
4 0.6025390625 0.576171875 0.078125 0.130859375
4 0.5146484375 0.7021484375 0.0859375 0.138671875
8 0.1484375 0.380859375 0.1171875 0.232421875
9 0.169921875 0.7880859375 0.103515625 0.181640625
11 0.376953125 0.1298828125 0.091796875 0.197265625
12 0.2333984375 0.0576171875 0.080078125 0.115234375
7 0.3486328125 0.4208984375 0.087890625 0.166015625
7 0.2119140625 0.111328125 0.08203125 0.1640625
10 0.45703125 0.072265625 0.0703125 0.1171875
10 0.298828125 0.1416015625 0.072265625 0.12109375
10 0.2587890625 0.3173828125 0.0703125 0.123046875
10 0.248046875 0.42578125 0.080078125 0.126953125
10 0.2041015625 0.6630859375 0.087890625 0.134765625