2 0.7998046875 0.630859375 0.126953125 0.23046875
1 0.65234375 0.8173828125 0.087890625 0.171875
1 0.3173828125 0.4638671875 0.103515625 0.171875
3 0.6083984375 0.62890625 0.095703125 0.169921875
3 0.3505859375 0.1953125 0.12109375 0.189453125
6 0.640625 0.8984375 0.0859375 0.1484375
6 0.5087890625 0.5400390625 0.1015625 0.16015625
4 0.6630859375 0.12890625 0.1015625 0.150390625
4 0.7001953125 0.6064453125 0.080078125 0.12890625
4 0.533203125 0.8203125 0.07421875 0.125
4 0.4599609375 0.8291015625 0.08203125 0.126953125
4 0.578125 0.4130859375 0.087890625 0.13671875
4 0.4814453125 0.294921875 0.095703125 0.14453125
8 0.13671875 0.646484375 0.134765625 0.23828125
9 0.1279296875 0.2333984375 0.1171875 0.1875
11 0.38671875 0.8798828125 0.103515625 0.19921875
12 0.2470703125 0.951171875 0.091796875 0.09765625
7 0.3369140625 0.587890625 0.1015625 0.171875
7 0.220703125 0.91015625 0.09375 0.166015625
10 0.4716796875 0.931640625 0.078125 0.12109375
10 0.3056640625 0.873046875 0.078125 0.123046875
10 0.251953125 0.69921875 0.080078125 0.126953125
10 0.2333984375 0.5927734375 0.087890625 0.130859375
10 0.1708984375 0.3564453125 0.09765625 0.142578125