2 0.2421875 0.2861328125 0.1015625 0.21875
1 0.4267578125 0.1474609375 0.0703125 0.162109375
1 0.65625 0.5595703125 0.087890625 0.162109375
3 0.419921875 0.3349609375 0.078125 0.162109375
3 0.5595703125 0.806640625 0.099609375 0.177734375
6 0.4560546875 0.0732421875 0.068359375 0.138671875
6 0.494140625 0.4443359375 0.083984375 0.1484375
4 0.25 0.791015625 0.0859375 0.140625
4 0.328125 0.333984375 0.0703125 0.119140625
4 0.537109375 0.171875 0.060546875 0.119140625
4 0.609375 0.18359375 0.068359375 0.1171875
4 0.396484375 0.544921875 0.072265625 0.126953125
4 0.458984375 0.6806640625 0.080078125 0.134765625
8 0.8681640625 0.4326171875 0.107421875 0.2265625
9 0.77734375 0.8232421875 0.09375 0.173828125
11 0.689453125 0.15234375 0.083984375 0.19140625
12 0.841796875 0.0947265625 0.076171875 0.134765625
7 0.66796875 0.4384765625 0.08203125 0.162109375
7 0.8525390625 0.162109375 0.07421875 0.158203125
10 0.6220703125 0.0830078125 0.06640625 0.11328125
10 0.763671875 0.1767578125 0.06640625 0.115234375
10 0.771484375 0.353515625 0.064453125 0.119140625
10 0.7646484375 0.4599609375 0.07421875 0.12109375
10 0.7666015625 0.697265625 0.08203125 0.12890625