2 0.7646484375 0.30859375 0.0869140625 0.208984375
1 0.59375 0.16015625 0.0576171875 0.15625
1 0.33984375 0.5478515625 0.07421875 0.154296875
3 0.587890625 0.34375 0.064453125 0.154296875
3 0.41796875 0.7958984375 0.0869140625 0.16796875
6 0.5693359375 0.0849609375 0.0576171875 0.1318359375
6 0.5068359375 0.4462890625 0.072265625 0.1416015625
4 0.72265625 0.8017578125 0.07421875 0.1318359375
4 0.6767578125 0.349609375 0.060546875 0.11328125
4 0.484375 0.1767578125 0.05078125 0.11328125
4 0.412109375 0.1826171875 0.060546875 0.1103515625
4 0.595703125 0.55078125 0.0625 0.1201171875
4 0.525390625 0.6787109375 0.0693359375 0.126953125
8 0.1416015625 0.408203125 0.091796875 0.216796875
9 0.2041015625 0.796875 0.08203125 0.166015625
11 0.3349609375 0.146484375 0.0693359375 0.1826171875
12 0.19140625 0.080078125 0.064453125 0.126953125
7 0.337890625 0.427734375 0.0693359375 0.154296875
7 0.17578125 0.1455078125 0.0625 0.1513671875
10 0.40625 0.0830078125 0.0576171875 0.1083984375
10 0.26171875 0.166015625 0.0576171875 0.1103515625
10 0.2412109375 0.337890625 0.0556640625 0.11328125
10 0.2412109375 0.4423828125 0.064453125 0.115234375
10 0.2236328125 0.673828125 0.072265625 0.123046875