2 0.2216796875 0.2412109375 0.140625 0.255859375
1 0.4541015625 0.109375 0.09765625 0.189453125
1 0.6484375 0.6025390625 0.111328125 0.1875
3 0.41796875 0.3203125 0.10546875 0.1875
3 0.5009765625 0.8642578125 0.134765625 0.208984375
6 0.4931640625 0.0556640625 0.087890625 0.111328125
6 0.482421875 0.451171875 0.109375 0.177734375
4 0.154296875 0.8076171875 0.111328125 0.169921875
4 0.3154296875 0.306640625 0.087890625 0.142578125
4 0.57421875 0.15234375 0.080078125 0.138671875
4 0.65625 0.173828125 0.09375 0.140625
4 0.3583984375 0.5537109375 0.091796875 0.1484375
4 0.4072265625 0.7109375 0.1015625 0.158203125
8 0.9072265625 0.486328125 0.14453125 0.263671875
9 0.7421875 0.9052734375 0.125 0.189453125
11 0.7490234375 0.150390625 0.11328125 0.22265625
12 0.9287109375 0.1279296875 0.09375 0.1171875
7 0.6796875 0.466796875 0.10546875 0.1875
7 0.9326171875 0.18359375 0.1015625 0.185546875
10 0.68359375 0.076171875 0.080078125 0.107421875
10 0.830078125 0.1904296875 0.083984375 0.13671875
10 0.8115234375 0.3857421875 0.087890625 0.138671875
10 0.7880859375 0.5029296875 0.09765625 0.146484375
10 0.7509765625 0.7705078125 0.10546875 0.15625