2 0.16015625 0.2646484375 0.103515625 0.236328125
1 0.34375 0.091796875 0.068359375 0.171875
1 0.63671875 0.5009765625 0.083984375 0.171875
3 0.3583984375 0.2919921875 0.078125 0.173828125
3 0.5615234375 0.77734375 0.103515625 0.189453125
6 0.3681640625 0.04296875 0.06640625 0.076171875
6 0.4482421875 0.3984375 0.083984375 0.16015625
4 0.2275390625 0.8056640625 0.0859375 0.154296875
4 0.2607421875 0.3046875 0.06640625 0.130859375
4 0.4658203125 0.1015625 0.060546875 0.126953125
4 0.5458984375 0.1025390625 0.072265625 0.126953125
4 0.357421875 0.5234375 0.0703125 0.134765625
4 0.439453125 0.65625 0.078125 0.142578125
8 0.8515625 0.333984375 0.10546875 0.2421875
9 0.7958984375 0.7666015625 0.095703125 0.1875
11 0.6259765625 0.0810546875 0.080078125 0.162109375
12 0.7880859375 0.0244140625 0.076171875 0.048828125
7 0.6357421875 0.369140625 0.080078125 0.171875
7 0.8046875 0.0654296875 0.07421875 0.130859375
10 0.548828125 0.02734375 0.0625 0.0546875
10 0.7109375 0.0771484375 0.064453125 0.125
10 0.7392578125 0.2626953125 0.06640625 0.126953125
10 0.744140625 0.376953125 0.07421875 0.1328125
10 0.771484375 0.6337890625 0.083984375 0.140625