2 0.79296875 0.6708984375 0.103515625 0.21875
1 0.6318359375 0.837890625 0.072265625 0.1640625
1 0.3427734375 0.4599609375 0.0859375 0.162109375
3 0.6083984375 0.650390625 0.078125 0.162109375
3 0.40234375 0.203125 0.1015625 0.177734375
6 0.611328125 0.9150390625 0.0703125 0.138671875
6 0.521484375 0.552734375 0.083984375 0.150390625
4 0.7119140625 0.1708984375 0.0859375 0.140625
4 0.69921875 0.63671875 0.068359375 0.12109375
4 0.515625 0.8271484375 0.060546875 0.119140625
4 0.443359375 0.828125 0.0703125 0.119140625
4 0.6015625 0.4375 0.072265625 0.126953125
4 0.5185546875 0.3134765625 0.08203125 0.134765625
8 0.1484375 0.619140625 0.109375 0.2265625
9 0.18359375 0.216796875 0.095703125 0.17578125
11 0.3681640625 0.8701171875 0.083984375 0.189453125
12 0.2216796875 0.939453125 0.076171875 0.12109375
7 0.349609375 0.58203125 0.083984375 0.162109375
7 0.203125 0.8837890625 0.076171875 0.15625
10 0.4443359375 0.9296875 0.064453125 0.115234375
10 0.2900390625 0.85546875 0.064453125 0.1171875
10 0.255859375 0.681640625 0.068359375 0.119140625
10 0.248046875 0.576171875 0.076171875 0.123046875
10 0.2119140625 0.3408203125 0.083984375 0.1328125