2 0.7978515625 0.28515625 0.0869140625 0.21875
1 0.615234375 0.126953125 0.0576171875 0.1630859375
1 0.3583984375 0.53125 0.072265625 0.158203125
3 0.611328125 0.3212890625 0.064453125 0.1611328125
3 0.443359375 0.7900390625 0.0888671875 0.17578125
6 0.58984375 0.06640625 0.060546875 0.1083984375
6 0.53125 0.42578125 0.072265625 0.1494140625
4 0.7607421875 0.798828125 0.07421875 0.1416015625
4 0.7041015625 0.3271484375 0.0576171875 0.1201171875
4 0.5009765625 0.1455078125 0.05078125 0.1181640625
4 0.42578125 0.150390625 0.0625 0.1181640625
4 0.6240234375 0.5380859375 0.060546875 0.125
4 0.552734375 0.669921875 0.0673828125 0.1318359375
8 0.1474609375 0.384765625 0.0888671875 0.2255859375
9 0.220703125 0.791015625 0.08203125 0.1728515625
11 0.345703125 0.11328125 0.0673828125 0.1923828125
12 0.1923828125 0.0576171875 0.0673828125 0.10546875
7 0.353515625 0.40625 0.0673828125 0.158203125
7 0.177734375 0.1103515625 0.0625 0.158203125
10 0.41796875 0.056640625 0.0576171875 0.09375
10 0.267578125 0.134765625 0.0556640625 0.115234375
10 0.25 0.3115234375 0.0576171875 0.1181640625
10 0.2509765625 0.419921875 0.064453125 0.123046875
10 0.23828125 0.6630859375 0.072265625 0.1298828125