2 0.2333984375 0.298828125 0.08203125 0.2041015625
1 0.40234375 0.154296875 0.0556640625 0.154296875
1 0.6474609375 0.5400390625 0.0693359375 0.1513671875
3 0.408203125 0.3349609375 0.0625 0.1513671875
3 0.568359375 0.78125 0.083984375 0.1630859375
6 0.427734375 0.08203125 0.0576171875 0.1298828125
6 0.484375 0.435546875 0.0693359375 0.1396484375
4 0.26953125 0.7861328125 0.072265625 0.1298828125
4 0.3212890625 0.33984375 0.0556640625 0.11328125
4 0.51171875 0.1728515625 0.0478515625 0.1103515625
4 0.58203125 0.177734375 0.0576171875 0.1103515625
4 0.3974609375 0.5400390625 0.060546875 0.1181640625
4 0.466796875 0.666015625 0.0673828125 0.125
8 0.845703125 0.404296875 0.0869140625 0.2119140625
9 0.7802734375 0.7861328125 0.0791015625 0.1630859375
11 0.6572265625 0.14453125 0.064453125 0.177734375
12 0.802734375 0.080078125 0.0625 0.126953125
7 0.6513671875 0.421875 0.0673828125 0.1513671875
7 0.81640625 0.1455078125 0.060546875 0.146484375
10 0.5888671875 0.08203125 0.052734375 0.10546875
10 0.73046875 0.1650390625 0.052734375 0.1083984375
10 0.7490234375 0.333984375 0.0556640625 0.1103515625
10 0.748046875 0.4365234375 0.0625 0.11328125
10 0.763671875 0.6650390625 0.0693359375 0.123046875