5 0.75390625 0.2490234375 0.107421875 0.18359375
2 0.7841796875 0.3232421875 0.123046875 0.2109375
1 0.703125 0.1669921875 0.078125 0.1484375
1 0.830078125 0.4560546875 0.099609375 0.158203125
3 0.671875 0.0869140625 0.087890625 0.146484375
3 0.8818359375 0.5732421875 0.109375 0.15234375
6 0.65625 0.041015625 0.078125 0.08203125
6 0.927734375 0.701171875 0.10546875 0.154296875
4 0.568359375 0.044921875 0.06640625 0.08984375
4 0.59375 0.1162109375 0.06640625 0.111328125
4 0.6259765625 0.2001953125 0.064453125 0.109375
4 0.65625 0.2841796875 0.0703125 0.115234375
4 0.693359375 0.37890625 0.07421875 0.1171875
4 0.7333984375 0.486328125 0.07421875 0.1171875
4 0.7734375 0.5986328125 0.083984375 0.123046875
4 0.81640625 0.7177734375 0.08203125 0.1328125
11 0.1220703125 0.3564453125 0.10546875 0.193359375
8 0.1279296875 0.4482421875 0.1171875 0.21875
7 0.1083984375 0.2724609375 0.0859375 0.154296875
7 0.142578125 0.5791015625 0.091796875 0.15234375
9 0.10546875 0.19140625 0.091796875 0.1484375
9 0.1796875 0.7001953125 0.107421875 0.166015625
12 0.0927734375 0.1259765625 0.068359375 0.09765625
12 0.189453125 0.8544921875 0.10546875 0.16015625
10 0.171875 0.109375 0.0625 0.09765625
10 0.1875 0.1884765625 0.064453125 0.10546875
10 0.20703125 0.2783203125 0.064453125 0.111328125
10 0.22265625 0.365234375 0.0703125 0.11328125
10 0.25 0.4716796875 0.0703125 0.115234375
10 0.2626953125 0.5849609375 0.076171875 0.12109375
10 0.287109375 0.693359375 0.078125 0.123046875
10 0.3056640625 0.82421875 0.0859375 0.126953125