5 0.19921875 0.296875 0.072265625 0.1611328125
2 0.1875 0.369140625 0.08203125 0.185546875
1 0.2333984375 0.208984375 0.0478515625 0.1298828125
1 0.169921875 0.5 0.0693359375 0.134765625
3 0.244140625 0.1298828125 0.060546875 0.125
3 0.14453125 0.619140625 0.08203125 0.126953125
6 0.248046875 0.0625 0.052734375 0.1103515625
6 0.1259765625 0.7451171875 0.07421875 0.1298828125
4 0.3291015625 0.05859375 0.04296875 0.0986328125
4 0.3232421875 0.1416015625 0.0458984375 0.095703125
4 0.3076171875 0.2255859375 0.04296875 0.095703125
4 0.296875 0.310546875 0.0458984375 0.1005859375
4 0.28125 0.404296875 0.0478515625 0.1005859375
4 0.265625 0.51171875 0.05078125 0.1005859375
4 0.25 0.623046875 0.0576171875 0.10546875
4 0.23046875 0.7431640625 0.0576171875 0.115234375
11 0.8056640625 0.2802734375 0.0673828125 0.1708984375
8 0.8173828125 0.3662109375 0.072265625 0.1943359375
7 0.802734375 0.201171875 0.052734375 0.13671875
7 0.828125 0.4931640625 0.060546875 0.134765625
9 0.7880859375 0.123046875 0.0625 0.1298828125
9 0.8173828125 0.609375 0.072265625 0.1416015625
12 0.7900390625 0.05078125 0.05078125 0.1005859375
12 0.8388671875 0.755859375 0.072265625 0.13671875
10 0.712890625 0.0556640625 0.0458984375 0.095703125
10 0.712890625 0.1357421875 0.0458984375 0.09375
10 0.7119140625 0.22265625 0.04296875 0.0986328125
10 0.7138671875 0.30859375 0.0478515625 0.0986328125
10 0.7099609375 0.41015625 0.05078125 0.0986328125
10 0.7197265625 0.5166015625 0.05078125 0.10546875
10 0.7177734375 0.623046875 0.0556640625 0.10546875
10 0.7255859375 0.7490234375 0.0625 0.1083984375