5 0.775390625 0.7392578125 0.091796875 0.169921875
2 0.7958984375 0.66796875 0.10546875 0.1953125
1 0.73046875 0.8232421875 0.064453125 0.13671875
1 0.8310546875 0.5390625 0.0859375 0.14453125
3 0.708984375 0.9013671875 0.076171875 0.1328125
3 0.87109375 0.421875 0.09765625 0.138671875
6 0.697265625 0.955078125 0.06640625 0.08984375
6 0.904296875 0.296875 0.08984375 0.140625
4 0.6142578125 0.955078125 0.056640625 0.08984375
4 0.6318359375 0.8798828125 0.056640625 0.1015625
4 0.6572265625 0.796875 0.0546875 0.1015625
4 0.6796875 0.7138671875 0.05859375 0.107421875
4 0.70703125 0.62109375 0.060546875 0.107421875
4 0.7353515625 0.513671875 0.0625 0.107421875
4 0.7646484375 0.404296875 0.0703125 0.11328125
4 0.798828125 0.2861328125 0.072265625 0.123046875
11 0.1630859375 0.6806640625 0.08984375 0.1796875
8 0.162109375 0.5927734375 0.09765625 0.205078125
7 0.15625 0.7607421875 0.0703125 0.14453125
7 0.1669921875 0.4638671875 0.076171875 0.142578125
9 0.1611328125 0.841796875 0.078125 0.138671875
9 0.1923828125 0.34765625 0.08984375 0.15234375
12 0.1513671875 0.912109375 0.0625 0.103515625
12 0.1875 0.1982421875 0.08984375 0.146484375
10 0.228515625 0.9189453125 0.056640625 0.1015625
10 0.23828125 0.837890625 0.056640625 0.099609375
10 0.2509765625 0.7509765625 0.056640625 0.103515625
10 0.2587890625 0.6630859375 0.060546875 0.10546875
10 0.275390625 0.5615234375 0.0625 0.10546875
10 0.2783203125 0.453125 0.064453125 0.11328125
10 0.2939453125 0.3466796875 0.068359375 0.11328125
10 0.3017578125 0.21875 0.076171875 0.1171875