5 0.13671875 0.7294921875 0.0859375 0.1796875
2 0.12109375 0.6513671875 0.09765625 0.205078125
1 0.1767578125 0.8251953125 0.05859375 0.14453125
1 0.095703125 0.5087890625 0.08203125 0.150390625
3 0.1923828125 0.9111328125 0.0703125 0.138671875
3 0.0634765625 0.3798828125 0.09375 0.142578125
6 0.1962890625 0.9619140625 0.060546875 0.076171875
6 0.0419921875 0.2421875 0.083984375 0.14453125
4 0.287109375 0.96484375 0.05078125 0.0703125
4 0.2783203125 0.89453125 0.052734375 0.107421875
4 0.2578125 0.8037109375 0.05078125 0.107421875
4 0.2421875 0.7109375 0.052734375 0.111328125
4 0.22265625 0.609375 0.056640625 0.111328125
4 0.201171875 0.4921875 0.05859375 0.111328125
4 0.1796875 0.37109375 0.068359375 0.119140625
4 0.154296875 0.240234375 0.068359375 0.12890625
11 0.7998046875 0.724609375 0.080078125 0.189453125
8 0.810546875 0.6298828125 0.0859375 0.21484375
7 0.7998046875 0.8115234375 0.0625 0.15234375
7 0.8173828125 0.4921875 0.0703125 0.150390625
9 0.787109375 0.8984375 0.07421875 0.14453125
9 0.80078125 0.3642578125 0.083984375 0.158203125
12 0.791015625 0.9560546875 0.05859375 0.0703125
12 0.8193359375 0.203125 0.083984375 0.15234375
10 0.705078125 0.9580078125 0.052734375 0.072265625
10 0.7041015625 0.88671875 0.052734375 0.103515625
10 0.7001953125 0.7919921875 0.05078125 0.109375
10 0.69921875 0.697265625 0.056640625 0.109375
10 0.69140625 0.5869140625 0.05859375 0.109375
10 0.697265625 0.4697265625 0.060546875 0.1171875
10 0.69140625 0.353515625 0.064453125 0.119140625
10 0.6953125 0.2158203125 0.072265625 0.12109375