5 0.7900390625 0.3173828125 0.0693359375 0.16796875
2 0.8017578125 0.39453125 0.0791015625 0.1923828125
1 0.7587890625 0.2275390625 0.0458984375 0.13671875
1 0.8173828125 0.5302734375 0.0673828125 0.1416015625
3 0.748046875 0.1455078125 0.0576171875 0.1318359375
3 0.83984375 0.654296875 0.0791015625 0.134765625
6 0.748046875 0.0791015625 0.052734375 0.1103515625
6 0.8544921875 0.78515625 0.07421875 0.13671875
4 0.6611328125 0.072265625 0.04296875 0.1005859375
4 0.666015625 0.15625 0.04296875 0.1005859375
4 0.6787109375 0.2431640625 0.041015625 0.1005859375
4 0.6884765625 0.3291015625 0.0458984375 0.10546875
4 0.703125 0.427734375 0.05078125 0.10546875
4 0.7177734375 0.5380859375 0.05078125 0.10546875
4 0.73046875 0.654296875 0.0576171875 0.1103515625
4 0.74609375 0.7763671875 0.0556640625 0.1201171875
11 0.1650390625 0.28125 0.064453125 0.177734375
8 0.150390625 0.369140625 0.0693359375 0.2041015625
7 0.1708984375 0.1982421875 0.052734375 0.1416015625
7 0.1357421875 0.498046875 0.060546875 0.1396484375
9 0.1865234375 0.1201171875 0.060546875 0.134765625
9 0.14453125 0.6201171875 0.072265625 0.1494140625
12 0.1884765625 0.0517578125 0.05078125 0.09375
12 0.1201171875 0.76953125 0.072265625 0.14453125
10 0.2666015625 0.0556640625 0.04296875 0.091796875
10 0.2646484375 0.134765625 0.04296875 0.095703125
10 0.263671875 0.224609375 0.041015625 0.103515625
10 0.2587890625 0.3115234375 0.0458984375 0.103515625
10 0.2607421875 0.41796875 0.0458984375 0.10546875
10 0.2490234375 0.529296875 0.05078125 0.1103515625
10 0.248046875 0.63671875 0.052734375 0.1103515625
10 0.236328125 0.765625 0.060546875 0.11328125