5 0.1376953125 0.359375 0.111328125 0.189453125
2 0.1435546875 0.4423828125 0.126953125 0.216796875
1 0.1484375 0.259765625 0.080078125 0.15234375
1 0.16015625 0.5849609375 0.103515625 0.162109375
3 0.140625 0.1728515625 0.08984375 0.150390625
3 0.166015625 0.7177734375 0.11328125 0.158203125
6 0.12890625 0.1171875 0.072265625 0.09765625
6 0.1826171875 0.8564453125 0.109375 0.158203125
4 0.21484375 0.091796875 0.0625 0.083984375
4 0.2265625 0.1640625 0.068359375 0.11328125
4 0.234375 0.2568359375 0.06640625 0.11328125
4 0.244140625 0.34765625 0.072265625 0.119140625
4 0.25390625 0.453125 0.078125 0.12109375
4 0.2646484375 0.5703125 0.078125 0.12109375
4 0.2783203125 0.69140625 0.0859375 0.126953125
4 0.2919921875 0.8212890625 0.0859375 0.13671875
11 0.7724609375 0.1748046875 0.109375 0.197265625
8 0.80859375 0.2607421875 0.119140625 0.2265625
7 0.74609375 0.0908203125 0.087890625 0.158203125
7 0.853515625 0.3896484375 0.095703125 0.158203125
9 0.7109375 0.0439453125 0.09375 0.087890625
9 0.8740234375 0.517578125 0.109375 0.169921875
12 0.93359375 0.6650390625 0.109375 0.166015625
10 0.6201171875 0.0087890625 0.056640625 0.017578125
10 0.6337890625 0.05078125 0.068359375 0.1015625
10 0.6572265625 0.138671875 0.06640625 0.1171875
10 0.68359375 0.2275390625 0.0703125 0.1171875
10 0.7060546875 0.337890625 0.072265625 0.119140625
10 0.7451171875 0.4482421875 0.078125 0.126953125
10 0.771484375 0.5595703125 0.080078125 0.126953125
10 0.8134765625 0.689453125 0.087890625 0.130859375