11 0.341796875 0.140625 0.072265625 0.185546875
8 0.1552734375 0.3056640625 0.083984375 0.2119140625
9 0.443359375 0.65625 0.0693359375 0.16796875
6 0.265625 0.064453125 0.064453125 0.125
12 0.423828125 0.1552734375 0.060546875 0.13671875
7 0.4365234375 0.435546875 0.060546875 0.158203125
10 0.267578125 0.1650390625 0.05078125 0.11328125
10 0.251953125 0.3388671875 0.0576171875 0.115234375
10 0.3447265625 0.3291015625 0.0556640625 0.1201171875
10 0.3486328125 0.5673828125 0.0625 0.125
3 0.2294921875 0.6552734375 0.07421875 0.166015625
1 0.5068359375 0.23046875 0.0576171875 0.154296875
2 0.77734375 0.298828125 0.0888671875 0.2138671875
4 0.6875 0.345703125 0.0576171875 0.1103515625
4 0.607421875 0.541015625 0.0556640625 0.125
4 0.537109375 0.673828125 0.064453125 0.123046875