11 0.580078125 0.900390625 0.125 0.19921875
8 0.8134765625 0.78125 0.142578125 0.240234375
9 0.6044921875 0.3486328125 0.1171875 0.19140625
6 0.6455078125 0.96484375 0.091796875 0.0703125
12 0.4990234375 0.869140625 0.1015625 0.16015625
7 0.5576171875 0.5771484375 0.107421875 0.181640625
10 0.662109375 0.8984375 0.0859375 0.134765625
10 0.7236328125 0.72265625 0.091796875 0.13671875
10 0.625 0.708984375 0.091796875 0.140625
10 0.6806640625 0.4638671875 0.09765625 0.146484375
3 0.8251953125 0.4033203125 0.12109375 0.193359375
1 0.4326171875 0.7705078125 0.099609375 0.171875
2 0.1689453125 0.6328125 0.15234375 0.248046875
4 0.2734375 0.6103515625 0.087890625 0.130859375
4 0.4072265625 0.42578125 0.08984375 0.14453125
4 0.513671875 0.30859375 0.099609375 0.146484375