11 0.6630859375 0.1201171875 0.0859375 0.1953125
8 0.865234375 0.2802734375 0.099609375 0.224609375
9 0.5849609375 0.6611328125 0.08203125 0.177734375
6 0.73828125 0.0517578125 0.07421875 0.103515625
12 0.578125 0.138671875 0.0703125 0.146484375
7 0.580078125 0.4306640625 0.0703125 0.16796875
10 0.740234375 0.140625 0.05859375 0.119140625
10 0.7666015625 0.3203125 0.06640625 0.123046875
10 0.6689453125 0.31640625 0.064453125 0.126953125
10 0.6787109375 0.5634765625 0.072265625 0.1328125
3 0.806640625 0.6484375 0.0859375 0.17578125
1 0.4951171875 0.22265625 0.068359375 0.162109375
2 0.2177734375 0.30859375 0.103515625 0.2265625
4 0.314453125 0.3525390625 0.06640625 0.119140625
4 0.4091796875 0.5498046875 0.064453125 0.1328125
4 0.48828125 0.6845703125 0.07421875 0.130859375