11 0.208984375 0.85546875 0.119140625 0.189453125
8 0.0595703125 0.6357421875 0.119140625 0.255859375
9 0.462890625 0.3349609375 0.119140625 0.205078125
6 0.1083984375 0.892578125 0.083984375 0.07421875
12 0.30078125 0.8779296875 0.103515625 0.169921875
7 0.392578125 0.57421875 0.109375 0.193359375
10 0.1318359375 0.82421875 0.087890625 0.142578125
10 0.162109375 0.626953125 0.095703125 0.14453125
10 0.26171875 0.6640625 0.09375 0.150390625
10 0.3330078125 0.404296875 0.099609375 0.15625
3 0.2275390625 0.2744140625 0.125 0.20703125
1 0.412109375 0.818359375 0.1015625 0.18359375
2 0.73046875 0.8212890625 0.154296875 0.265625
4 0.6435546875 0.748046875 0.091796875 0.138671875
4 0.609375 0.505859375 0.091796875 0.154296875
4 0.5673828125 0.3408203125 0.1015625 0.154296875