11 0.671875 0.12890625 0.07421875 0.189453125
8 0.857421875 0.302734375 0.083984375 0.216796875
9 0.5537109375 0.6513671875 0.0693359375 0.1728515625
6 0.7509765625 0.0693359375 0.064453125 0.095703125
12 0.5869140625 0.142578125 0.0625 0.1416015625
7 0.5673828125 0.427734375 0.0625 0.1630859375
10 0.7451171875 0.15625 0.052734375 0.1201171875
10 0.7587890625 0.333984375 0.060546875 0.1201171875
10 0.6630859375 0.322265625 0.0576171875 0.125
10 0.654296875 0.564453125 0.0625 0.1298828125
3 0.7724609375 0.65625 0.07421875 0.1728515625
1 0.5 0.2177734375 0.0576171875 0.15625
2 0.220703125 0.2802734375 0.091796875 0.2236328125
4 0.3125 0.3271484375 0.0576171875 0.115234375
4 0.390625 0.53125 0.0556640625 0.1298828125
4 0.4599609375 0.6669921875 0.064453125 0.126953125