11 0.7373046875 0.8251953125 0.107421875 0.203125
8 0.8984375 0.623046875 0.125 0.232421875
9 0.5400390625 0.3154296875 0.1015625 0.185546875
6 0.828125 0.88671875 0.087890625 0.134765625
12 0.6494140625 0.8251953125 0.0859375 0.150390625
7 0.5869140625 0.5400390625 0.08984375 0.173828125
10 0.80859375 0.787109375 0.072265625 0.125
10 0.7919921875 0.6064453125 0.080078125 0.12890625
10 0.7001953125 0.6328125 0.078125 0.1328125
10 0.6533203125 0.3896484375 0.087890625 0.138671875
3 0.759765625 0.27734375 0.10546875 0.18359375
1 0.5517578125 0.7626953125 0.0859375 0.16796875
2 0.26171875 0.7412109375 0.130859375 0.236328125
4 0.345703125 0.6767578125 0.078125 0.123046875
4 0.3935546875 0.462890625 0.080078125 0.138671875
4 0.4404296875 0.314453125 0.087890625 0.13671875