8 0.72265625 0.59765625 0.09765625 0.22265625
2 0.2578125 0.3154296875 0.109375 0.220703125
5 0.365234375 0.6572265625 0.087890625 0.193359375
6 0.1396484375 0.1552734375 0.09765625 0.162109375
12 0.3525390625 0.1806640625 0.087890625 0.16015625
3 0.541015625 0.5576171875 0.083984375 0.154296875
12 0.8017578125 0.7763671875 0.083984375 0.146484375
10 0.75390625 0.3310546875 0.07421875 0.130859375
4 0.3525390625 0.427734375 0.060546875 0.125
10 0.6044921875 0.8349609375 0.060546875 0.12109375
10 0.5400390625 0.658203125 0.060546875 0.119140625
4 0.4541015625 0.6552734375 0.0625 0.1171875
10 0.6845703125 0.9384765625 0.060546875 0.1171875
4 0.2705078125 0.7275390625 0.060546875 0.111328125