8 0.1865234375 0.3583984375 0.091796875 0.23046875
2 0.69140625 0.630859375 0.10546875 0.228515625
5 0.55859375 0.2763671875 0.08203125 0.201171875
6 0.8251953125 0.79296875 0.09375 0.16796875
12 0.5986328125 0.7783203125 0.083984375 0.1640625
3 0.3798828125 0.3916015625 0.080078125 0.158203125
12 0.09375 0.1748046875 0.080078125 0.150390625
10 0.1689453125 0.640625 0.072265625 0.134765625
4 0.5849609375 0.517578125 0.05859375 0.126953125
10 0.298828125 0.103515625 0.05859375 0.125
10 0.3759765625 0.2841796875 0.05859375 0.123046875
4 0.4658203125 0.2841796875 0.060546875 0.119140625
10 0.2060546875 0.0283203125 0.056640625 0.056640625
4 0.65625 0.1953125 0.05859375 0.115234375