8 0.263671875 0.4150390625 0.07421875 0.2041015625
2 0.7236328125 0.6416015625 0.0869140625 0.2021484375
5 0.59375 0.3291015625 0.0673828125 0.177734375
6 0.84765625 0.7822265625 0.0791015625 0.146484375
12 0.6455078125 0.7763671875 0.0693359375 0.14453125
3 0.4375 0.4375 0.0673828125 0.1396484375
12 0.17578125 0.25390625 0.0673828125 0.1318359375
10 0.255859375 0.6669921875 0.060546875 0.1181640625
4 0.625 0.544921875 0.0478515625 0.11328125
10 0.35546875 0.1826171875 0.0478515625 0.1103515625
10 0.4306640625 0.3427734375 0.0478515625 0.1083984375
4 0.5107421875 0.3388671875 0.05078125 0.10546875
10 0.271484375 0.091796875 0.0478515625 0.10546875
4 0.677734375 0.2548828125 0.0478515625 0.1005859375