5 0.6162109375 0.287109375 0.060546875 0.189453125
6 0.8525390625 0.7353515625 0.0791015625 0.14453125
2 0.73828125 0.595703125 0.0869140625 0.220703125
4 0.6982421875 0.2236328125 0.0556640625 0.10546875
4 0.63671875 0.501953125 0.0625 0.10546875
4 0.537109375 0.2978515625 0.05078125 0.1103515625
3 0.4619140625 0.390625 0.0576171875 0.1416015625
9 0.53125 0.126953125 0.0625 0.1494140625
8 0.2880859375 0.36328125 0.072265625 0.20703125
11 0.380859375 0.283203125 0.064453125 0.1875
10 0.455078125 0.294921875 0.0458984375 0.1083984375
10 0.279296875 0.599609375 0.0625 0.1181640625
10 0.306640625 0.2021484375 0.0556640625 0.1103515625
10 0.302734375 0.0517578125 0.0625 0.103515625
12 0.2080078125 0.1962890625 0.064453125 0.126953125
12 0.6552734375 0.7236328125 0.0693359375 0.134765625