5 0.4052734375 0.728515625 0.091796875 0.201171875
6 0.0947265625 0.3125 0.103515625 0.158203125
2 0.232421875 0.435546875 0.123046875 0.23828125
4 0.3330078125 0.8056640625 0.072265625 0.115234375
4 0.349609375 0.513671875 0.080078125 0.1171875
4 0.484375 0.7041015625 0.068359375 0.119140625
3 0.544921875 0.5986328125 0.08203125 0.15234375
9 0.5166015625 0.8759765625 0.087890625 0.16015625
8 0.7255859375 0.5986328125 0.107421875 0.220703125
11 0.64453125 0.693359375 0.095703125 0.201171875
10 0.5673828125 0.6953125 0.064453125 0.1171875
10 0.697265625 0.3583984375 0.08203125 0.12890625
10 0.732421875 0.7646484375 0.07421875 0.12109375
10 0.7607421875 0.9140625 0.080078125 0.109375
12 0.8330078125 0.7548828125 0.0859375 0.138671875
12 0.2958984375 0.29296875 0.091796875 0.146484375