5 0.5732421875 0.2685546875 0.095703125 0.197265625
6 0.890625 0.6640625 0.10546875 0.15625
2 0.751953125 0.548828125 0.126953125 0.232421875
4 0.6416015625 0.1904296875 0.07421875 0.11328125
4 0.634765625 0.4755859375 0.08203125 0.115234375
4 0.498046875 0.294921875 0.0703125 0.1171875
3 0.44140625 0.3994140625 0.083984375 0.150390625
9 0.4599609375 0.1279296875 0.08984375 0.158203125
8 0.265625 0.40625 0.111328125 0.216796875
11 0.341796875 0.3095703125 0.099609375 0.197265625
10 0.4169921875 0.3076171875 0.06640625 0.115234375
10 0.302734375 0.6396484375 0.083984375 0.126953125
10 0.2529296875 0.244140625 0.076171875 0.119140625
10 0.220703125 0.09765625 0.08203125 0.11328125
12 0.1552734375 0.2578125 0.087890625 0.13671875
12 0.6953125 0.689453125 0.09375 0.146484375