2 0.267578125 0.216796875 0.150390625 0.244140625
6 0.54296875 0.0625 0.09765625 0.125
1 0.56640625 0.2275390625 0.10546875 0.177734375
4 0.67578125 0.1943359375 0.087890625 0.138671875
4 0.345703125 0.29296875 0.087890625 0.13671875
4 0.3681640625 0.5283203125 0.095703125 0.140625
4 0.40234375 0.6806640625 0.1015625 0.150390625
3 0.5185546875 0.7001953125 0.1171875 0.185546875
3 0.73046875 0.7421875 0.125 0.189453125
11 0.763671875 0.1865234375 0.1171875 0.205078125
12 0.939453125 0.1748046875 0.107421875 0.158203125
8 0.9052734375 0.408203125 0.138671875 0.23828125
9 0.69140625 0.90234375 0.1328125 0.1953125
7 0.578125 0.4609375 0.107421875 0.17578125
10 0.708984375 0.3798828125 0.095703125 0.146484375
10 0.8369140625 0.2294921875 0.087890625 0.134765625
10 0.7978515625 0.4150390625 0.083984375 0.138671875
10 0.6318359375 0.6240234375 0.09765625 0.146484375