2 0.79296875 0.7197265625 0.08984375 0.21484375
6 0.580078125 0.9375 0.06640625 0.125
1 0.5166015625 0.7841796875 0.0625 0.15625
4 0.423828125 0.8408203125 0.052734375 0.12109375
4 0.7021484375 0.669921875 0.0546875 0.12109375
4 0.6240234375 0.458984375 0.0625 0.12109375
4 0.5546875 0.3271484375 0.06640625 0.12890625
3 0.443359375 0.3388671875 0.072265625 0.162109375
3 0.23828125 0.3525390625 0.078125 0.1640625
11 0.3447265625 0.8701171875 0.06640625 0.18359375
12 0.1875 0.92578125 0.0703125 0.142578125
8 0.16015625 0.701171875 0.080078125 0.212890625
9 0.2353515625 0.1953125 0.0859375 0.169921875
7 0.447265625 0.572265625 0.06640625 0.15625
10 0.34765625 0.6787109375 0.05859375 0.12890625
10 0.267578125 0.8486328125 0.0546875 0.1171875
10 0.2578125 0.6689453125 0.05078125 0.12109375
10 0.3583984375 0.4365234375 0.0625 0.12890625