2 0.2236328125 0.291015625 0.0869140625 0.20703125
6 0.427734375 0.076171875 0.0625 0.1318359375
1 0.4892578125 0.2294921875 0.060546875 0.1513671875
4 0.578125 0.173828125 0.05078125 0.1181640625
4 0.310546875 0.3388671875 0.052734375 0.115234375
4 0.3857421875 0.5419921875 0.060546875 0.1181640625
4 0.4521484375 0.66796875 0.0625 0.125
3 0.55859375 0.6572265625 0.0693359375 0.15625
3 0.755859375 0.64453125 0.07421875 0.158203125
11 0.654296875 0.146484375 0.0625 0.177734375
12 0.8056640625 0.0927734375 0.0673828125 0.13671875
8 0.83203125 0.30859375 0.0771484375 0.2041015625
9 0.759765625 0.7958984375 0.08203125 0.1630859375
7 0.5556640625 0.4326171875 0.0625 0.1494140625
10 0.6513671875 0.330078125 0.0576171875 0.123046875
10 0.728515625 0.1669921875 0.052734375 0.11328125
10 0.73828125 0.33984375 0.0478515625 0.1181640625
10 0.640625 0.5634765625 0.060546875 0.123046875