3 0.7041015625 0.607421875 0.107421875 0.169921875
6 0.8583984375 0.7158203125 0.107421875 0.162109375
2 0.75 0.3291015625 0.12109375 0.23046875
5 0.53125 0.2783203125 0.103515625 0.208984375
6 0.4873046875 0.0498046875 0.076171875 0.099609375
9 0.49609375 0.103515625 0.083984375 0.150390625
9 0.3759765625 0.41015625 0.091796875 0.16015625
4 0.4140625 0.056640625 0.0703125 0.103515625
4 0.607421875 0.1953125 0.072265625 0.1171875
4 0.578125 0.10546875 0.0703125 0.115234375
4 0.658203125 0.37890625 0.076171875 0.125
4 0.6806640625 0.4892578125 0.08203125 0.130859375
4 0.64453125 0.75390625 0.091796875 0.1328125
4 0.4453125 0.294921875 0.072265625 0.126953125
8 0.0791015625 0.421875 0.12109375 0.23046875
12 0.07421875 0.099609375 0.07421875 0.0859375
12 0.2255859375 0.8173828125 0.1015625 0.1640625
7 0.0830078125 0.5576171875 0.099609375 0.166015625
11 0.083984375 0.32421875 0.107421875 0.201171875
9 0.2607421875 0.2099609375 0.091796875 0.162109375
9 0.1064453125 0.6806640625 0.103515625 0.173828125
10 0.357421875 0.310546875 0.0703125 0.119140625
10 0.1572265625 0.0869140625 0.06640625 0.083984375
10 0.1767578125 0.2529296875 0.07421875 0.126953125
10 0.197265625 0.458984375 0.078125 0.123046875
10 0.203125 0.568359375 0.078125 0.123046875
10 0.21484375 0.6787109375 0.08203125 0.12890625
10 0.4345703125 0.779296875 0.08203125 0.13671875