3 0.296875 0.60546875 0.0791015625 0.1494140625
6 0.169921875 0.7294921875 0.0791015625 0.1416015625
2 0.2138671875 0.353515625 0.08203125 0.20703125
5 0.41015625 0.2744140625 0.0693359375 0.1875
6 0.4150390625 0.048828125 0.056640625 0.09765625
9 0.416015625 0.10546875 0.0576171875 0.134765625
9 0.5732421875 0.3740234375 0.064453125 0.1416015625
4 0.4853515625 0.0478515625 0.052734375 0.095703125
4 0.3271484375 0.2080078125 0.052734375 0.103515625
4 0.33984375 0.1201171875 0.05078125 0.1005859375
4 0.306640625 0.38671875 0.0556640625 0.1103515625
4 0.3017578125 0.4931640625 0.060546875 0.115234375
4 0.3740234375 0.7333984375 0.0693359375 0.115234375
4 0.4912109375 0.27734375 0.05078125 0.11328125
8 0.8505859375 0.341796875 0.08203125 0.20703125
12 0.8076171875 0.0380859375 0.060546875 0.076171875
12 0.7724609375 0.73046875 0.07421875 0.14453125
7 0.8681640625 0.4677734375 0.072265625 0.146484375
11 0.8330078125 0.2509765625 0.07421875 0.1806640625
9 0.650390625 0.1708984375 0.064453125 0.14453125
9 0.8642578125 0.5869140625 0.07421875 0.154296875
10 0.576171875 0.279296875 0.05078125 0.10546875
10 0.7275390625 0.0380859375 0.052734375 0.076171875
10 0.7353515625 0.1982421875 0.052734375 0.11328125
10 0.748046875 0.392578125 0.0576171875 0.1083984375
10 0.7568359375 0.49609375 0.0576171875 0.1083984375
10 0.763671875 0.599609375 0.060546875 0.11328125
10 0.5732421875 0.7255859375 0.060546875 0.1201171875