3 0.248046875 0.583984375 0.123046875 0.1796875
6 0.080078125 0.68359375 0.123046875 0.171875
2 0.2275390625 0.29296875 0.142578125 0.2421875
5 0.45703125 0.259765625 0.125 0.21875
6 0.5185546875 0.0400390625 0.080078125 0.080078125
9 0.5087890625 0.08203125 0.09765625 0.16015625
9 0.60546875 0.41015625 0.107421875 0.16796875
4 0.595703125 0.05078125 0.076171875 0.09375
4 0.38671875 0.16796875 0.083984375 0.125
4 0.423828125 0.0771484375 0.080078125 0.12109375
4 0.3173828125 0.353515625 0.087890625 0.1328125
4 0.2841796875 0.46484375 0.095703125 0.138671875
4 0.296875 0.7412109375 0.10546875 0.142578125
4 0.5439453125 0.2861328125 0.083984375 0.134765625
8 0.9111328125 0.44921875 0.142578125 0.2421875
12 0.943359375 0.1259765625 0.078125 0.07421875
12 0.72265625 0.8447265625 0.1171875 0.173828125
7 0.89453125 0.5888671875 0.115234375 0.17578125
11 0.9150390625 0.3486328125 0.126953125 0.212890625
9 0.7412109375 0.2138671875 0.107421875 0.171875
9 0.859375 0.71484375 0.12109375 0.18359375
10 0.6328125 0.3095703125 0.08203125 0.126953125
10 0.857421875 0.1044921875 0.072265625 0.072265625
10 0.8251953125 0.265625 0.0859375 0.134765625
10 0.7861328125 0.4775390625 0.08984375 0.130859375
10 0.76953125 0.58984375 0.08984375 0.130859375
10 0.748046875 0.703125 0.09375 0.13671875
10 0.51171875 0.787109375 0.095703125 0.14453125