6 0.83203125 0.7685546875 0.091796875 0.15234375
2 0.8134765625 0.5048828125 0.115234375 0.228515625
5 0.6083984375 0.287109375 0.080078125 0.1953125
9 0.5224609375 0.1142578125 0.078125 0.146484375
4 0.5439453125 0.0478515625 0.056640625 0.095703125
4 0.705078125 0.4130859375 0.06640625 0.125
4 0.693359375 0.2216796875 0.06640625 0.11328125
4 0.5224609375 0.294921875 0.05859375 0.1171875
4 0.623046875 0.5126953125 0.068359375 0.125
3 0.4345703125 0.38671875 0.078125 0.150390625
9 0.12109375 0.5869140625 0.091796875 0.162109375
11 0.3564453125 0.271484375 0.08203125 0.185546875
8 0.251953125 0.3466796875 0.095703125 0.216796875
10 0.2265625 0.6123046875 0.0703125 0.126953125
12 0.208984375 0.748046875 0.083984375 0.150390625
12 0.20703125 0.03515625 0.07421875 0.0703125
10 0.2900390625 0.0390625 0.064453125 0.078125
10 0.4375 0.2900390625 0.06640625 0.115234375
10 0.283203125 0.1923828125 0.060546875 0.125
7 0.416015625 0.603515625 0.083984375 0.1640625
10 0.4150390625 0.7529296875 0.072265625 0.130859375