6 0.818359375 0.80078125 0.09375 0.154296875
2 0.8056640625 0.53515625 0.119140625 0.23046875
5 0.6025390625 0.3115234375 0.083984375 0.197265625
9 0.5185546875 0.13671875 0.08203125 0.1484375
4 0.54296875 0.0634765625 0.05859375 0.111328125
4 0.697265625 0.4404296875 0.068359375 0.126953125
4 0.6904296875 0.248046875 0.068359375 0.115234375
4 0.515625 0.318359375 0.060546875 0.119140625
4 0.6142578125 0.5380859375 0.0703125 0.126953125
3 0.4267578125 0.4091796875 0.080078125 0.15234375
9 0.1083984375 0.6044921875 0.095703125 0.1640625
11 0.349609375 0.29296875 0.0859375 0.1875
8 0.244140625 0.3662109375 0.099609375 0.21875
10 0.2138671875 0.6318359375 0.072265625 0.126953125
12 0.193359375 0.7685546875 0.087890625 0.154296875
12 0.2060546875 0.0439453125 0.076171875 0.087890625
10 0.287109375 0.0478515625 0.06640625 0.095703125
10 0.431640625 0.3115234375 0.068359375 0.1171875
10 0.2783203125 0.2109375 0.0625 0.126953125
7 0.404296875 0.626953125 0.0859375 0.166015625
10 0.400390625 0.7763671875 0.076171875 0.1328125