6 0.892578125 0.318359375 0.1015625 0.162109375
2 0.8193359375 0.578125 0.130859375 0.236328125
5 0.5673828125 0.7568359375 0.09375 0.203125
9 0.4453125 0.9140625 0.08984375 0.15234375
4 0.4541015625 0.966796875 0.060546875 0.06640625
4 0.6904296875 0.6513671875 0.07421875 0.1328125
4 0.6416015625 0.8388671875 0.076171875 0.119140625
4 0.4814453125 0.732421875 0.0703125 0.123046875
4 0.62890625 0.5322265625 0.076171875 0.130859375
3 0.412109375 0.6220703125 0.0859375 0.16015625
9 0.138671875 0.3564453125 0.10546875 0.171875
11 0.310546875 0.720703125 0.095703125 0.193359375
8 0.220703125 0.6240234375 0.111328125 0.228515625
10 0.251953125 0.353515625 0.080078125 0.130859375
12 0.2607421875 0.212890625 0.09765625 0.16015625
12 0.111328125 0.92578125 0.076171875 0.068359375
10 0.1962890625 0.9345703125 0.0703125 0.0703125
10 0.3955078125 0.720703125 0.078125 0.125
10 0.220703125 0.7861328125 0.068359375 0.12890625
7 0.439453125 0.3994140625 0.09375 0.171875
10 0.4697265625 0.251953125 0.08203125 0.13671875