6 0.1552734375 0.744140625 0.0791015625 0.1416015625
2 0.189453125 0.4912109375 0.095703125 0.2138671875
5 0.40234375 0.294921875 0.064453125 0.185546875
9 0.498046875 0.1337890625 0.0673828125 0.13671875
4 0.48046875 0.0615234375 0.0478515625 0.103515625
4 0.3017578125 0.41015625 0.0556640625 0.1181640625
4 0.32421875 0.2255859375 0.0576171875 0.10546875
4 0.4853515625 0.3076171875 0.0478515625 0.1103515625
4 0.373046875 0.5107421875 0.0576171875 0.1181640625
3 0.5634765625 0.40234375 0.064453125 0.1416015625
9 0.8525390625 0.6162109375 0.0791015625 0.1513671875
11 0.646484375 0.296875 0.0673828125 0.17578125
8 0.7412109375 0.3759765625 0.0791015625 0.2041015625
10 0.7490234375 0.6337890625 0.060546875 0.1181640625
12 0.7568359375 0.765625 0.072265625 0.1416015625
12 0.806640625 0.060546875 0.064453125 0.1005859375
10 0.7275390625 0.060546875 0.0556640625 0.10546875
10 0.5673828125 0.30859375 0.0576171875 0.1083984375
10 0.72265625 0.224609375 0.05078125 0.1181640625
7 0.56640625 0.61328125 0.0693359375 0.154296875
10 0.5576171875 0.755859375 0.0625 0.123046875