6 0.8642578125 0.7333984375 0.0791015625 0.14453125
2 0.826171875 0.4794921875 0.0986328125 0.2138671875
5 0.6103515625 0.2822265625 0.0673828125 0.185546875
9 0.513671875 0.12109375 0.0693359375 0.13671875
4 0.52734375 0.05078125 0.05078125 0.1005859375
4 0.712890625 0.396484375 0.0556640625 0.1201171875
4 0.6884765625 0.2138671875 0.060546875 0.10546875
4 0.5263671875 0.2958984375 0.052734375 0.1103515625
4 0.6416015625 0.5009765625 0.0576171875 0.1181640625
3 0.4482421875 0.3916015625 0.064453125 0.14453125
9 0.1611328125 0.6103515625 0.08203125 0.154296875
11 0.3642578125 0.287109375 0.0693359375 0.17578125
8 0.26953125 0.3681640625 0.08203125 0.20703125
10 0.2666015625 0.6259765625 0.0625 0.1181640625
12 0.2587890625 0.759765625 0.07421875 0.14453125
12 0.201171875 0.05078125 0.064453125 0.1005859375
10 0.2822265625 0.0517578125 0.060546875 0.103515625
10 0.443359375 0.2978515625 0.060546875 0.1103515625
10 0.287109375 0.21484375 0.05078125 0.1181640625
7 0.4482421875 0.6044921875 0.0693359375 0.15625
10 0.458984375 0.74609375 0.0625 0.123046875