6 0.8955078125 0.7470703125 0.08203125 0.15234375
2 0.8544921875 0.4814453125 0.103515625 0.224609375
5 0.62890625 0.2744140625 0.0703125 0.1953125
9 0.5263671875 0.1044921875 0.07421875 0.14453125
4 0.5419921875 0.0419921875 0.052734375 0.08203125
4 0.736328125 0.3935546875 0.05859375 0.125
4 0.7109375 0.2021484375 0.0625 0.111328125
4 0.5400390625 0.2880859375 0.0546875 0.1171875
4 0.6611328125 0.50390625 0.060546875 0.125
3 0.4580078125 0.388671875 0.068359375 0.15234375
9 0.15625 0.619140625 0.0859375 0.16015625
11 0.3701171875 0.279296875 0.07421875 0.18359375
8 0.2705078125 0.36328125 0.0859375 0.216796875
10 0.267578125 0.634765625 0.06640625 0.125
12 0.2587890625 0.775390625 0.078125 0.15234375
12 0.1982421875 0.0419921875 0.068359375 0.08203125
10 0.2841796875 0.04296875 0.0625 0.0859375
10 0.453125 0.2900390625 0.0625 0.1171875
10 0.2890625 0.203125 0.052734375 0.125
7 0.4580078125 0.6123046875 0.07421875 0.1640625
10 0.4697265625 0.76171875 0.06640625 0.12890625