6 0.84375 0.140625 0.115234375 0.171875
2 0.8671875 0.4169921875 0.130859375 0.2421875
4 0.64453125 0.931640625 0.068359375 0.10546875
3 0.48828125 0.60546875 0.1015625 0.166015625
8 0.3056640625 0.669921875 0.126953125 0.240234375
11 0.423828125 0.7373046875 0.115234375 0.220703125
5 0.6806640625 0.677734375 0.11328125 0.208984375
4 0.7841796875 0.82421875 0.078125 0.1328125
4 0.7763671875 0.732421875 0.080078125 0.12890625
4 0.763671875 0.5302734375 0.080078125 0.126953125
4 0.6591796875 0.439453125 0.091796875 0.142578125
4 0.58984375 0.69140625 0.083984375 0.140625
9 0.615234375 0.8740234375 0.103515625 0.1796875
9 0.1435546875 0.4501953125 0.11328125 0.18359375
12 0.2119140625 0.26953125 0.125 0.177734375
12 0.3046875 0.9814453125 0.08203125 0.037109375
7 0.439453125 0.384765625 0.103515625 0.177734375
10 0.5048828125 0.70703125 0.080078125 0.123046875
10 0.388671875 0.9755859375 0.0703125 0.048828125
10 0.357421875 0.8369140625 0.080078125 0.13671875
10 0.24609375 0.41015625 0.095703125 0.142578125
10 0.421875 0.23046875 0.087890625 0.13671875