6 0.8837890625 0.2802734375 0.107421875 0.166015625
2 0.8125 0.541015625 0.12109375 0.234375
4 0.4365234375 0.9423828125 0.064453125 0.111328125
3 0.4033203125 0.587890625 0.095703125 0.16015625
8 0.2138671875 0.5859375 0.115234375 0.232421875
11 0.30078125 0.6865234375 0.10546875 0.21484375
5 0.5556640625 0.7177734375 0.103515625 0.201171875
4 0.6005859375 0.8857421875 0.072265625 0.126953125
4 0.623046875 0.80078125 0.07421875 0.125
4 0.6806640625 0.6103515625 0.07421875 0.123046875
4 0.6162109375 0.4921875 0.0859375 0.13671875
4 0.4677734375 0.69921875 0.078125 0.134765625
9 0.4296875 0.875 0.09765625 0.173828125
9 0.138671875 0.330078125 0.103515625 0.177734375
12 0.26171875 0.1875 0.1171875 0.171875
12 0.099609375 0.8984375 0.080078125 0.095703125
7 0.4326171875 0.369140625 0.095703125 0.169921875
10 0.3837890625 0.685546875 0.07421875 0.1171875
10 0.1826171875 0.9140625 0.068359375 0.08984375
10 0.2060546875 0.755859375 0.072265625 0.1328125
10 0.2451171875 0.3271484375 0.087890625 0.13671875
10 0.4677734375 0.2216796875 0.08203125 0.130859375