6 0.1572265625 0.73046875 0.0791015625 0.14453125
2 0.185546875 0.4794921875 0.08203125 0.208984375
4 0.474609375 0.05078125 0.0458984375 0.1005859375
3 0.5576171875 0.3759765625 0.0673828125 0.1416015625
8 0.7333984375 0.349609375 0.0771484375 0.208984375
11 0.638671875 0.26953125 0.0693359375 0.1923828125
5 0.3974609375 0.27734375 0.0693359375 0.1806640625
4 0.330078125 0.12890625 0.05078125 0.11328125
4 0.322265625 0.2119140625 0.052734375 0.1103515625
4 0.2978515625 0.3955078125 0.052734375 0.1083984375
4 0.375 0.4951171875 0.0625 0.1201171875
4 0.482421875 0.28125 0.0556640625 0.1201171875
9 0.490234375 0.11328125 0.0673828125 0.154296875
9 0.83984375 0.576171875 0.07421875 0.15625
12 0.748046875 0.7255859375 0.0869140625 0.1494140625
12 0.79296875 0.0419921875 0.0625 0.083984375
7 0.5625 0.5830078125 0.0673828125 0.1513671875
10 0.5615234375 0.2822265625 0.0556640625 0.103515625
10 0.7138671875 0.0400390625 0.052734375 0.0791015625
10 0.71484375 0.19140625 0.05078125 0.1181640625
10 0.7412109375 0.59375 0.064453125 0.1201171875
10 0.5517578125 0.7236328125 0.060546875 0.115234375