2 0.150390625 0.6357421875 0.134765625 0.255859375
3 0.3564453125 0.1025390625 0.123046875 0.205078125
6 0.25390625 0.810546875 0.091796875 0.171875
4 0.2607421875 0.36328125 0.087890625 0.146484375
4 0.44921875 0.611328125 0.080078125 0.14453125
1 0.4560546875 0.38671875 0.09375 0.185546875
1 0.6171875 0.865234375 0.10546875 0.19921875
8 0.85546875 0.5966796875 0.13671875 0.26171875
10 0.6826171875 0.404296875 0.0859375 0.150390625
9 0.7998046875 0.8876953125 0.10546875 0.205078125
7 0.427734375 0.9248046875 0.087890625 0.146484375
7 0.92578125 0.3154296875 0.109375 0.193359375