2 0.263671875 0.7333984375 0.15625 0.263671875
3 0.3115234375 0.1689453125 0.142578125 0.2109375
6 0.4111328125 0.8701171875 0.10546875 0.17578125
4 0.2939453125 0.44140625 0.09765625 0.146484375
4 0.541015625 0.6328125 0.08984375 0.1484375
1 0.486328125 0.4150390625 0.10546875 0.1875
1 0.7705078125 0.828125 0.12109375 0.201171875
8 0.9228515625 0.513671875 0.154296875 0.265625
10 0.7099609375 0.3759765625 0.095703125 0.154296875
9 0.9453125 0.8037109375 0.109375 0.208984375
7 0.6064453125 0.9248046875 0.09375 0.126953125
7 0.912109375 0.224609375 0.119140625 0.197265625