2 0.80078125 0.7109375 0.12109375 0.24609375
3 0.623046875 0.189453125 0.11328125 0.193359375
6 0.6943359375 0.876953125 0.08203125 0.1640625
4 0.7041015625 0.443359375 0.078125 0.13671875
4 0.5166015625 0.681640625 0.0703125 0.138671875
1 0.515625 0.462890625 0.080078125 0.177734375
1 0.341796875 0.9140625 0.09375 0.171875
8 0.1240234375 0.6611328125 0.12109375 0.248046875
10 0.2958984375 0.478515625 0.076171875 0.14453125
9 0.1650390625 0.921875 0.095703125 0.15625
7 0.5205078125 0.9580078125 0.076171875 0.083984375
7 0.0654296875 0.384765625 0.09765625 0.18359375