2 0.78515625 0.302734375 0.103515625 0.2255859375
3 0.642578125 0.802734375 0.0986328125 0.177734375
6 0.6767578125 0.15234375 0.0693359375 0.1513671875
4 0.70703125 0.560546875 0.0673828125 0.125
4 0.517578125 0.3447265625 0.060546875 0.126953125
1 0.529296875 0.55078125 0.0673828125 0.1630859375
1 0.3447265625 0.126953125 0.0791015625 0.1728515625
8 0.150390625 0.3837890625 0.103515625 0.228515625
10 0.3212890625 0.546875 0.064453125 0.1318359375
9 0.17578125 0.1162109375 0.08203125 0.1806640625
7 0.509765625 0.0693359375 0.0673828125 0.10546875
7 0.109375 0.646484375 0.083984375 0.16796875