2 0.1943359375 0.3193359375 0.095703125 0.220703125
3 0.3193359375 0.822265625 0.091796875 0.177734375
6 0.306640625 0.17578125 0.064453125 0.1494140625
4 0.263671875 0.5771484375 0.064453125 0.125
4 0.458984375 0.375 0.0576171875 0.125
1 0.44140625 0.578125 0.064453125 0.1611328125
1 0.638671875 0.166015625 0.07421875 0.1728515625
8 0.822265625 0.4326171875 0.095703125 0.2255859375
10 0.646484375 0.5869140625 0.0625 0.1298828125
9 0.8037109375 0.166015625 0.07421875 0.177734375
7 0.474609375 0.080078125 0.064453125 0.146484375
7 0.8544921875 0.693359375 0.0791015625 0.166015625