2 0.83984375 0.361328125 0.123046875 0.23828125
3 0.6572265625 0.8642578125 0.11328125 0.193359375
6 0.740234375 0.2001953125 0.083984375 0.16015625
4 0.7421875 0.6181640625 0.080078125 0.134765625
4 0.5615234375 0.388671875 0.072265625 0.134765625
1 0.55859375 0.6005859375 0.083984375 0.173828125
1 0.3994140625 0.154296875 0.095703125 0.185546875
8 0.181640625 0.408203125 0.123046875 0.2421875
10 0.345703125 0.5859375 0.078125 0.140625
9 0.228515625 0.13671875 0.095703125 0.19140625
7 0.5771484375 0.083984375 0.08203125 0.158203125
7 0.1201171875 0.673828125 0.099609375 0.1796875