6 0.85546875 0.765625 0.0771484375 0.146484375
2 0.736328125 0.6083984375 0.09375 0.2255859375
5 0.609375 0.2822265625 0.07421875 0.185546875
4 0.6962890625 0.21484375 0.05078125 0.11328125
4 0.634765625 0.509765625 0.052734375 0.125
4 0.521484375 0.2900390625 0.052734375 0.1181640625
3 0.44140625 0.388671875 0.0791015625 0.1513671875
11 0.359375 0.2744140625 0.0693359375 0.197265625
8 0.26171875 0.34765625 0.0771484375 0.21875
10 0.4365234375 0.287109375 0.060546875 0.1181640625
10 0.3662109375 0.1162109375 0.0556640625 0.11328125
10 0.2802734375 0.041015625 0.05078125 0.0771484375
10 0.24609375 0.6083984375 0.0693359375 0.134765625
12 0.177734375 0.181640625 0.0673828125 0.13671875
12 0.650390625 0.7431640625 0.0791015625 0.1630859375