6 0.12890625 0.7646484375 0.080078125 0.150390625
2 0.2529296875 0.6083984375 0.099609375 0.23046875
5 0.3876953125 0.279296875 0.078125 0.189453125
4 0.30078125 0.2099609375 0.052734375 0.115234375
4 0.3583984375 0.5087890625 0.056640625 0.126953125
4 0.4775390625 0.2890625 0.056640625 0.119140625
3 0.556640625 0.3896484375 0.08203125 0.154296875
11 0.6416015625 0.275390625 0.07421875 0.201171875
8 0.7392578125 0.3515625 0.08203125 0.22265625
10 0.5634765625 0.287109375 0.0625 0.12109375
10 0.6376953125 0.115234375 0.05859375 0.115234375
10 0.7265625 0.0419921875 0.052734375 0.076171875
10 0.75 0.6162109375 0.072265625 0.138671875
12 0.828125 0.185546875 0.0703125 0.140625
12 0.3388671875 0.74609375 0.08203125 0.16796875