6 0.107421875 0.748046875 0.08984375 0.15625
2 0.240234375 0.595703125 0.111328125 0.23828125
5 0.3935546875 0.271484375 0.08984375 0.193359375
4 0.3095703125 0.197265625 0.060546875 0.119140625
4 0.3515625 0.501953125 0.0625 0.130859375
4 0.482421875 0.28515625 0.0625 0.125
3 0.55859375 0.3916015625 0.091796875 0.16015625
11 0.6494140625 0.2802734375 0.0859375 0.20703125
8 0.744140625 0.3623046875 0.09375 0.23046875
10 0.5703125 0.2890625 0.0703125 0.125
10 0.654296875 0.119140625 0.064453125 0.119140625
10 0.748046875 0.052734375 0.056640625 0.07421875
10 0.7412109375 0.630859375 0.080078125 0.142578125
12 0.841796875 0.19921875 0.078125 0.14453125
12 0.318359375 0.7392578125 0.091796875 0.173828125