2 0.7783203125 0.76953125 0.10546875 0.2265625
1 0.5810546875 0.9033203125 0.072265625 0.162109375
6 0.5537109375 0.955078125 0.076171875 0.08984375
6 0.501953125 0.802734375 0.080078125 0.140625
3 0.41796875 0.7880859375 0.07421875 0.15234375
4 0.3935546875 0.859375 0.068359375 0.119140625
4 0.69140625 0.7158203125 0.064453125 0.12109375
4 0.6181640625 0.48828125 0.064453125 0.130859375
4 0.7783203125 0.2412109375 0.076171875 0.134765625
4 0.5546875 0.3466796875 0.078125 0.142578125
3 0.455078125 0.212890625 0.095703125 0.1875
8 0.1259765625 0.583984375 0.109375 0.232421875
12 0.1474609375 0.9228515625 0.08203125 0.11328125
9 0.234375 0.181640625 0.103515625 0.185546875
11 0.3076171875 0.8876953125 0.087890625 0.203125
7 0.1376953125 0.8681640625 0.076171875 0.16015625
7 0.3388671875 0.5869140625 0.078125 0.1640625
10 0.482421875 0.892578125 0.068359375 0.125
10 0.234375 0.8583984375 0.0703125 0.130859375
10 0.228515625 0.673828125 0.068359375 0.12109375
10 0.232421875 0.5654296875 0.07421875 0.126953125
10 0.3486328125 0.44140625 0.078125 0.134765625