2 0.1962890625 0.30078125 0.0888671875 0.2119140625
1 0.380859375 0.154296875 0.060546875 0.1494140625
6 0.4052734375 0.0771484375 0.064453125 0.125
6 0.4619140625 0.2412109375 0.0673828125 0.126953125
3 0.541015625 0.24609375 0.0625 0.13671875
4 0.5625 0.1767578125 0.0576171875 0.1083984375
4 0.2822265625 0.3447265625 0.0556640625 0.11328125
4 0.359375 0.552734375 0.0556640625 0.1201171875
4 0.2138671875 0.806640625 0.0673828125 0.123046875
4 0.42578125 0.6826171875 0.0673828125 0.1298828125
3 0.525390625 0.80078125 0.0791015625 0.1728515625
8 0.8291015625 0.412109375 0.091796875 0.2138671875
12 0.798828125 0.0732421875 0.0693359375 0.13671875
9 0.7392578125 0.80859375 0.0888671875 0.1708984375
11 0.64453125 0.1416015625 0.0771484375 0.1923828125
7 0.80859375 0.142578125 0.064453125 0.146484375
7 0.625 0.43359375 0.0673828125 0.1513671875
10 0.4755859375 0.1552734375 0.0576171875 0.11328125
10 0.716796875 0.1611328125 0.0625 0.1201171875
10 0.728515625 0.3369140625 0.0576171875 0.115234375
10 0.728515625 0.44140625 0.0673828125 0.1181640625
10 0.6201171875 0.572265625 0.0673828125 0.125