2 0.1298828125 0.640625 0.142578125 0.25
1 0.3017578125 0.8408203125 0.09765625 0.17578125
6 0.314453125 0.9169921875 0.091796875 0.123046875
6 0.408203125 0.76171875 0.1015625 0.154296875
3 0.49609375 0.7724609375 0.09765625 0.162109375
4 0.5048828125 0.8544921875 0.0859375 0.130859375
4 0.234375 0.6103515625 0.083984375 0.134765625
4 0.36328125 0.3994140625 0.0859375 0.142578125
4 0.2578125 0.091796875 0.099609375 0.1484375
4 0.462890625 0.271484375 0.1015625 0.15625
3 0.595703125 0.1640625 0.123046875 0.205078125
8 0.8466796875 0.6533203125 0.14453125 0.25390625
12 0.744140625 0.966796875 0.09765625 0.06640625
9 0.83203125 0.2001953125 0.1328125 0.205078125
11 0.5859375 0.8974609375 0.125 0.205078125
7 0.765625 0.927734375 0.1015625 0.14453125
7 0.6279296875 0.5869140625 0.10546875 0.1796875
10 0.4052734375 0.8583984375 0.087890625 0.13671875
10 0.6689453125 0.9033203125 0.09375 0.14453125
10 0.7197265625 0.7138671875 0.087890625 0.138671875
10 0.7421875 0.599609375 0.099609375 0.142578125
10 0.65234375 0.43359375 0.099609375 0.150390625