2 0.1474609375 0.67578125 0.134765625 0.24609375
1 0.3251953125 0.8681640625 0.091796875 0.173828125
6 0.341796875 0.93359375 0.0859375 0.103515625
6 0.427734375 0.7861328125 0.095703125 0.150390625
3 0.515625 0.7939453125 0.091796875 0.16015625
4 0.5263671875 0.8740234375 0.08203125 0.12890625
4 0.25 0.642578125 0.080078125 0.1328125
4 0.3701171875 0.427734375 0.08203125 0.140625
4 0.2548828125 0.1259765625 0.09375 0.146484375
4 0.46484375 0.2978515625 0.095703125 0.154296875
3 0.59375 0.1865234375 0.1171875 0.203125
8 0.8583984375 0.6640625 0.13671875 0.25
12 0.7705078125 0.9736328125 0.091796875 0.052734375
9 0.8291015625 0.2138671875 0.126953125 0.201171875
11 0.6103515625 0.908203125 0.115234375 0.18359375
7 0.7890625 0.93359375 0.09765625 0.1328125
7 0.6396484375 0.6044921875 0.099609375 0.177734375
10 0.4287109375 0.8828125 0.08203125 0.1328125
10 0.69140625 0.91796875 0.08984375 0.142578125
10 0.7353515625 0.728515625 0.08203125 0.13671875
10 0.75390625 0.6142578125 0.09375 0.140625
10 0.6591796875 0.4521484375 0.095703125 0.1484375