2 0.1943359375 0.2646484375 0.09765625 0.224609375
1 0.376953125 0.109375 0.06640625 0.16015625
6 0.3984375 0.0498046875 0.072265625 0.095703125
6 0.4658203125 0.2021484375 0.076171875 0.138671875
3 0.5517578125 0.20703125 0.0703125 0.150390625
4 0.568359375 0.1337890625 0.064453125 0.119140625
4 0.287109375 0.3076171875 0.060546875 0.119140625
4 0.3837890625 0.5263671875 0.060546875 0.12890625
4 0.25 0.7880859375 0.0703125 0.1328125
4 0.4619140625 0.6611328125 0.07421875 0.140625
3 0.57421875 0.7841796875 0.08984375 0.185546875
8 0.86328125 0.37890625 0.1015625 0.23046875
12 0.806640625 0.05078125 0.078125 0.1015625
9 0.7978515625 0.7919921875 0.09765625 0.18359375
11 0.650390625 0.0986328125 0.08203125 0.197265625
7 0.822265625 0.09765625 0.072265625 0.158203125
7 0.6513671875 0.400390625 0.072265625 0.162109375
10 0.4765625 0.1103515625 0.064453125 0.123046875
10 0.7275390625 0.119140625 0.06640625 0.12890625
10 0.751953125 0.3017578125 0.064453125 0.12109375
10 0.759765625 0.41015625 0.0703125 0.125
10 0.6572265625 0.544921875 0.07421875 0.1328125