2 0.796875 0.2568359375 0.0888671875 0.216796875
1 0.6142578125 0.11328125 0.060546875 0.154296875
6 0.591796875 0.05078125 0.0673828125 0.1005859375
6 0.5302734375 0.205078125 0.0693359375 0.1318359375
3 0.447265625 0.2138671875 0.0625 0.14453125
4 0.427734375 0.142578125 0.0576171875 0.11328125
4 0.7080078125 0.302734375 0.0556640625 0.115234375
4 0.62109375 0.51953125 0.0556640625 0.125
4 0.7607421875 0.7705078125 0.064453125 0.126953125
4 0.55078125 0.654296875 0.0673828125 0.134765625
3 0.4443359375 0.7763671875 0.08203125 0.177734375
8 0.1494140625 0.3916015625 0.091796875 0.220703125
12 0.1923828125 0.05859375 0.072265625 0.1171875
9 0.2275390625 0.7919921875 0.0888671875 0.17578125
11 0.345703125 0.109375 0.072265625 0.1943359375
7 0.1787109375 0.1162109375 0.064453125 0.1513671875
7 0.357421875 0.4052734375 0.064453125 0.15625
10 0.5166015625 0.1162109375 0.0576171875 0.1181640625
10 0.2724609375 0.1337890625 0.060546875 0.123046875
10 0.2548828125 0.3125 0.0576171875 0.115234375
10 0.2509765625 0.41796875 0.064453125 0.1201171875
10 0.35546875 0.546875 0.0673828125 0.126953125