2 0.2451171875 0.2763671875 0.099609375 0.2109375
4 0.2314453125 0.7705078125 0.07421875 0.123046875
6 0.1904296875 0.5068359375 0.083984375 0.142578125
6 0.46875 0.0732421875 0.060546875 0.13671875
3 0.419921875 0.3271484375 0.072265625 0.15234375
3 0.3505859375 0.6484375 0.078125 0.162109375
5 0.4912109375 0.42578125 0.080078125 0.185546875
4 0.509765625 0.26171875 0.060546875 0.123046875
4 0.4423828125 0.666015625 0.072265625 0.130859375
4 0.3896484375 0.53515625 0.064453125 0.119140625
4 0.33203125 0.3271484375 0.0625 0.11328125
4 0.5390625 0.1728515625 0.0546875 0.10546875
1 0.43359375 0.1484375 0.068359375 0.1484375
1 0.6435546875 0.5556640625 0.078125 0.1484375
9 0.7431640625 0.8203125 0.09765625 0.16796875
8 0.8505859375 0.44140625 0.1015625 0.22265625
12 0.84375 0.11328125 0.076171875 0.13671875
11 0.6884765625 0.1591796875 0.07421875 0.185546875
9 0.66796875 0.3359375 0.07421875 0.142578125
7 0.654296875 0.4443359375 0.076171875 0.14453125
7 0.8515625 0.177734375 0.076171875 0.15234375
10 0.6240234375 0.091796875 0.05859375 0.111328125
10 0.609375 0.2548828125 0.05859375 0.12109375
10 0.759765625 0.189453125 0.05859375 0.111328125
10 0.76171875 0.3603515625 0.064453125 0.11328125
10 0.75 0.4619140625 0.068359375 0.11328125
10 0.7412109375 0.693359375 0.0703125 0.123046875