2 0.771484375 0.30078125 0.08203125 0.2021484375
4 0.7431640625 0.7861328125 0.0625 0.115234375
6 0.8056640625 0.53125 0.072265625 0.134765625
6 0.5693359375 0.080078125 0.0478515625 0.1318359375
3 0.595703125 0.3349609375 0.0576171875 0.146484375
3 0.6357421875 0.65625 0.064453125 0.154296875
5 0.517578125 0.42578125 0.064453125 0.177734375
4 0.513671875 0.263671875 0.05078125 0.1181640625
4 0.544921875 0.666015625 0.060546875 0.125
4 0.607421875 0.5419921875 0.0556640625 0.11328125
4 0.6826171875 0.3427734375 0.052734375 0.1083984375
4 0.4912109375 0.1728515625 0.0458984375 0.1005859375
1 0.59765625 0.1572265625 0.0556640625 0.1416015625
1 0.357421875 0.5400390625 0.064453125 0.1416015625
9 0.2353515625 0.791015625 0.08203125 0.158203125
8 0.1630859375 0.41015625 0.08203125 0.2138671875
12 0.1982421875 0.0888671875 0.064453125 0.1298828125
11 0.345703125 0.146484375 0.0576171875 0.177734375
9 0.3505859375 0.322265625 0.0625 0.134765625
7 0.35546875 0.4287109375 0.0625 0.13671875
7 0.185546875 0.1513671875 0.0625 0.14453125
10 0.416015625 0.0869140625 0.0478515625 0.10546875
10 0.416015625 0.248046875 0.0478515625 0.115234375
10 0.2744140625 0.1708984375 0.0478515625 0.10546875
10 0.2587890625 0.337890625 0.0556640625 0.1083984375
10 0.259765625 0.4384765625 0.0576171875 0.1083984375
10 0.2490234375 0.6669921875 0.060546875 0.1181640625