2 0.7998046875 0.703125 0.109375 0.224609375
4 0.71484375 0.19140625 0.078125 0.12890625
6 0.8095703125 0.455078125 0.091796875 0.150390625
6 0.6083984375 0.939453125 0.0625 0.107421875
3 0.6103515625 0.685546875 0.078125 0.162109375
3 0.6162109375 0.3408203125 0.0859375 0.169921875
5 0.517578125 0.5986328125 0.087890625 0.1953125
4 0.529296875 0.771484375 0.06640625 0.130859375
4 0.517578125 0.3408203125 0.078125 0.140625
4 0.5986328125 0.46484375 0.0703125 0.125
4 0.7001953125 0.6689453125 0.068359375 0.12109375
4 0.517578125 0.869140625 0.060546875 0.111328125
1 0.630859375 0.8740234375 0.07421875 0.15625
1 0.333984375 0.49609375 0.083984375 0.158203125
9 0.1767578125 0.2421875 0.103515625 0.177734375
8 0.142578125 0.654296875 0.109375 0.236328125
12 0.212890625 0.9599609375 0.08203125 0.080078125
11 0.3662109375 0.908203125 0.080078125 0.18359375
9 0.3505859375 0.7265625 0.080078125 0.150390625
7 0.34375 0.6123046875 0.08203125 0.15234375
7 0.193359375 0.9228515625 0.08203125 0.154296875
10 0.4443359375 0.955078125 0.060546875 0.08984375
10 0.4287109375 0.798828125 0.064453125 0.126953125
10 0.2861328125 0.896484375 0.0625 0.1171875
10 0.2509765625 0.720703125 0.0703125 0.12109375
10 0.2412109375 0.61328125 0.072265625 0.12109375
10 0.2041015625 0.373046875 0.078125 0.1328125