5 0.7919921875 0.2861328125 0.07421875 0.16796875
2 0.80078125 0.361328125 0.08203125 0.1943359375
6 0.857421875 0.732421875 0.07421875 0.1416015625
6 0.7451171875 0.0537109375 0.052734375 0.107421875
1 0.7587890625 0.19921875 0.05078125 0.134765625
1 0.7177734375 0.615234375 0.064453125 0.1298828125
4 0.705078125 0.39453125 0.0458984375 0.1005859375
4 0.7177734375 0.501953125 0.05078125 0.10546875
4 0.6513671875 0.744140625 0.052734375 0.103515625
4 0.625 0.6162109375 0.052734375 0.11328125
4 0.681640625 0.21875 0.0458984375 0.095703125
4 0.6669921875 0.134765625 0.041015625 0.091796875
4 0.66015625 0.048828125 0.04296875 0.09765625
3 0.58984375 0.1201171875 0.05078125 0.134765625
3 0.634765625 0.48046875 0.0625 0.14453125
4 0.517578125 0.2978515625 0.0458984375 0.10546875
11 0.181640625 0.2763671875 0.064453125 0.1728515625
8 0.1669921875 0.3642578125 0.0693359375 0.19921875
7 0.15625 0.4931640625 0.0576171875 0.1396484375
7 0.185546875 0.19921875 0.052734375 0.134765625
9 0.36328125 0.1943359375 0.0625 0.154296875
9 0.1650390625 0.607421875 0.0693359375 0.15625
10 0.455078125 0.744140625 0.0556640625 0.1083984375
10 0.2607421875 0.6240234375 0.060546875 0.1083984375
10 0.2607421875 0.5224609375 0.060546875 0.11328125
10 0.2705078125 0.4111328125 0.0556640625 0.1005859375
10 0.2724609375 0.310546875 0.060546875 0.1005859375
10 0.2744140625 0.2197265625 0.052734375 0.09375
10 0.27734375 0.134765625 0.0556640625 0.091796875
10 0.27734375 0.0517578125 0.041015625 0.0986328125
12 0.19921875 0.0517578125 0.052734375 0.103515625
12 0.25390625 0.7509765625 0.064453125 0.13671875