5 0.22265625 0.302734375 0.07421875 0.1630859375
2 0.2177734375 0.375 0.0791015625 0.1875
6 0.17578125 0.7353515625 0.0771484375 0.1396484375
6 0.259765625 0.0732421875 0.052734375 0.11328125
1 0.2509765625 0.21875 0.05078125 0.134765625
1 0.3056640625 0.6240234375 0.0625 0.126953125
4 0.3115234375 0.4072265625 0.0458984375 0.0986328125
4 0.3017578125 0.513671875 0.05078125 0.103515625
4 0.3740234375 0.75 0.0556640625 0.1005859375
4 0.396484375 0.6259765625 0.052734375 0.1083984375
4 0.3291015625 0.236328125 0.04296875 0.09375
4 0.3388671875 0.15625 0.04296875 0.091796875
4 0.34375 0.0712890625 0.04296875 0.0986328125
3 0.4150390625 0.14453125 0.05078125 0.134765625
3 0.3837890625 0.494140625 0.064453125 0.1416015625
4 0.4892578125 0.31640625 0.0458984375 0.103515625
11 0.8173828125 0.30078125 0.0625 0.16796875
8 0.8349609375 0.3857421875 0.0693359375 0.1943359375
7 0.8486328125 0.51171875 0.0576171875 0.134765625
7 0.8115234375 0.224609375 0.0556640625 0.1318359375
9 0.63671875 0.2177734375 0.0625 0.1513671875
9 0.845703125 0.62109375 0.072265625 0.1513671875
10 0.564453125 0.751953125 0.052734375 0.10546875
10 0.75390625 0.638671875 0.060546875 0.103515625
10 0.748046875 0.5400390625 0.0625 0.1083984375
10 0.734375 0.4306640625 0.0556640625 0.1005859375
10 0.7294921875 0.330078125 0.060546875 0.0986328125
10 0.7255859375 0.244140625 0.052734375 0.09375
10 0.7177734375 0.1611328125 0.0556640625 0.091796875
10 0.71484375 0.0791015625 0.041015625 0.095703125
12 0.7919921875 0.0771484375 0.0556640625 0.1103515625
12 0.763671875 0.7607421875 0.064453125 0.1318359375