5 0.25390625 0.2490234375 0.10546875 0.1796875
2 0.2353515625 0.3232421875 0.111328125 0.20703125
6 0.1103515625 0.6787109375 0.1015625 0.146484375
6 0.34375 0.04296875 0.06640625 0.0859375
1 0.302734375 0.169921875 0.076171875 0.146484375
1 0.2646484375 0.5849609375 0.087890625 0.1484375
4 0.42578125 0.044921875 0.0625 0.08984375
4 0.3759765625 0.205078125 0.0625 0.109375
4 0.4033203125 0.12109375 0.05859375 0.103515625
4 0.2861328125 0.4755859375 0.072265625 0.10546875
4 0.3193359375 0.373046875 0.06640625 0.11328125
4 0.3056640625 0.72265625 0.068359375 0.115234375
4 0.3564453125 0.6064453125 0.0703125 0.119140625
4 0.521484375 0.30859375 0.064453125 0.109375
3 0.4833984375 0.123046875 0.078125 0.13671875
3 0.5771484375 0.4111328125 0.083984375 0.15234375
11 0.857421875 0.349609375 0.095703125 0.181640625
8 0.85546875 0.4384765625 0.103515625 0.201171875
7 0.865234375 0.2744140625 0.076171875 0.146484375
7 0.8427734375 0.5703125 0.080078125 0.142578125
9 0.6962890625 0.23828125 0.078125 0.150390625
9 0.8134765625 0.6826171875 0.09765625 0.15625
12 0.6982421875 0.802734375 0.0859375 0.1484375
12 0.8798828125 0.12109375 0.06640625 0.11328125
10 0.8046875 0.1103515625 0.056640625 0.099609375
10 0.7880859375 0.189453125 0.056640625 0.095703125
10 0.7734375 0.2783203125 0.056640625 0.099609375
10 0.7607421875 0.3642578125 0.064453125 0.109375
10 0.7431640625 0.4638671875 0.06640625 0.107421875
10 0.732421875 0.5693359375 0.068359375 0.111328125
10 0.7138671875 0.6728515625 0.0703125 0.115234375
10 0.50390625 0.759765625 0.07421875 0.125