5 0.7978515625 0.6328125 0.1171875 0.193359375
2 0.787109375 0.552734375 0.123046875 0.21875
6 0.76171875 0.1484375 0.109375 0.16015625
6 0.8017578125 0.888671875 0.0703125 0.12890625
1 0.7861328125 0.7314453125 0.080078125 0.15625
1 0.6474609375 0.302734375 0.095703125 0.158203125
4 0.716796875 0.912109375 0.068359375 0.115234375
4 0.6982421875 0.7265625 0.064453125 0.115234375
4 0.703125 0.8193359375 0.0625 0.111328125
4 0.673828125 0.4208984375 0.078125 0.11328125
4 0.681640625 0.5380859375 0.0703125 0.12109375
4 0.5498046875 0.181640625 0.07421875 0.125
4 0.546875 0.3203125 0.080078125 0.130859375
4 0.509765625 0.68359375 0.0703125 0.1171875
3 0.625 0.8505859375 0.083984375 0.150390625
3 0.41015625 0.6015625 0.091796875 0.166015625
11 0.158203125 0.775390625 0.1015625 0.1953125
8 0.123046875 0.6865234375 0.111328125 0.216796875
7 0.1826171875 0.8525390625 0.08203125 0.154296875
7 0.0810546875 0.5517578125 0.087890625 0.15625
9 0.3662109375 0.8193359375 0.08203125 0.1640625
9 0.060546875 0.4296875 0.103515625 0.16796875
12 0.126953125 0.2607421875 0.091796875 0.158203125
12 0.228515625 0.9736328125 0.07421875 0.052734375
10 0.310546875 0.9697265625 0.05859375 0.060546875
10 0.294921875 0.90625 0.0625 0.10546875
10 0.2705078125 0.8134765625 0.0625 0.109375
10 0.248046875 0.72265625 0.068359375 0.115234375
10 0.2236328125 0.615234375 0.072265625 0.115234375
10 0.1904296875 0.5087890625 0.0703125 0.119140625
10 0.1650390625 0.3955078125 0.076171875 0.125
10 0.337890625 0.228515625 0.08203125 0.13671875