1 0.20703125 0.40234375 0.0859375 0.158203125
10 0.466796875 0.216796875 0.07421875 0.125
5 0.1953125 0.7646484375 0.109375 0.18359375
2 0.1650390625 0.6806640625 0.115234375 0.220703125
1 0.2451171875 0.84765625 0.080078125 0.15625
6 0.0458984375 0.2978515625 0.091796875 0.158203125
6 0.2880859375 0.9677734375 0.076171875 0.064453125
3 0.544921875 0.58203125 0.083984375 0.16015625
3 0.4404296875 0.900390625 0.076171875 0.1484375
4 0.3779296875 0.9677734375 0.064453125 0.064453125
4 0.3544921875 0.9033203125 0.05859375 0.109375
4 0.3251953125 0.8154296875 0.068359375 0.119140625
4 0.265625 0.62890625 0.072265625 0.119140625
4 0.2333984375 0.51953125 0.072265625 0.119140625
4 0.251953125 0.2490234375 0.078125 0.1328125
4 0.30859375 0.3798828125 0.080078125 0.126953125
4 0.482421875 0.7021484375 0.068359375 0.1171875
11 0.845703125 0.654296875 0.107421875 0.197265625
8 0.83984375 0.55859375 0.1171875 0.21875
7 0.8544921875 0.73828125 0.080078125 0.154296875
7 0.830078125 0.4208984375 0.08984375 0.16015625
12 0.67578125 0.1650390625 0.099609375 0.154296875
12 0.8671875 0.890625 0.072265625 0.1015625
9 0.669921875 0.7802734375 0.08203125 0.154296875
9 0.7998046875 0.302734375 0.103515625 0.16796875
10 0.568359375 0.6845703125 0.068359375 0.119140625
10 0.61328125 0.8564453125 0.068359375 0.1171875
10 0.78515625 0.908203125 0.060546875 0.09765625
10 0.7529296875 0.7353515625 0.0703125 0.119140625
10 0.72265625 0.5322265625 0.0703125 0.119140625
10 0.7099609375 0.419921875 0.0703125 0.1171875
10 0.69140625 0.306640625 0.076171875 0.123046875