5 0.21484375 0.298828125 0.07421875 0.166015625
2 0.2099609375 0.3740234375 0.07421875 0.1943359375
6 0.15625 0.7412109375 0.0771484375 0.1318359375
6 0.2607421875 0.0673828125 0.0458984375 0.1103515625
1 0.24609375 0.212890625 0.05078125 0.13671875
1 0.2880859375 0.62109375 0.0625 0.13671875
4 0.341796875 0.0625 0.04296875 0.095703125
4 0.32421875 0.2333984375 0.04296875 0.1005859375
4 0.3349609375 0.146484375 0.041015625 0.095703125
4 0.2880859375 0.51171875 0.052734375 0.095703125
4 0.3017578125 0.40625 0.0458984375 0.10546875
4 0.353515625 0.748046875 0.0478515625 0.10546875
4 0.380859375 0.625 0.05078125 0.1103515625
4 0.484375 0.3056640625 0.0458984375 0.1005859375
3 0.4130859375 0.1337890625 0.052734375 0.126953125
3 0.5576171875 0.3955078125 0.0576171875 0.1416015625
11 0.8173828125 0.2822265625 0.0625 0.1708984375
8 0.83203125 0.369140625 0.0673828125 0.189453125
7 0.8115234375 0.2080078125 0.05078125 0.13671875
7 0.8447265625 0.4990234375 0.0556640625 0.1318359375
9 0.640625 0.205078125 0.05078125 0.1416015625
9 0.837890625 0.61328125 0.0693359375 0.14453125
12 0.7490234375 0.7509765625 0.060546875 0.13671875
12 0.796875 0.0576171875 0.0458984375 0.10546875
10 0.720703125 0.0615234375 0.0380859375 0.09375
10 0.7197265625 0.140625 0.041015625 0.0888671875
10 0.7236328125 0.2294921875 0.0380859375 0.09375
10 0.7275390625 0.314453125 0.0458984375 0.1005859375
10 0.728515625 0.4150390625 0.0478515625 0.0986328125
10 0.73828125 0.517578125 0.0478515625 0.103515625
10 0.7392578125 0.623046875 0.05078125 0.10546875
10 0.552734375 0.7451171875 0.052734375 0.115234375