5 0.15234375 0.2880859375 0.0791015625 0.177734375
2 0.1455078125 0.3662109375 0.083984375 0.2041015625
6 0.087890625 0.7568359375 0.0791015625 0.1494140625
6 0.1982421875 0.048828125 0.056640625 0.09765625
1 0.1865234375 0.1943359375 0.05078125 0.14453125
1 0.232421875 0.62890625 0.064453125 0.13671875
4 0.244140625 0.3955078125 0.05078125 0.103515625
4 0.23046875 0.509765625 0.052734375 0.1103515625
4 0.3037109375 0.759765625 0.0556640625 0.1103515625
4 0.330078125 0.6259765625 0.0556640625 0.1181640625
4 0.267578125 0.2119140625 0.0458984375 0.1005859375
4 0.28125 0.12109375 0.04296875 0.0986328125
4 0.2890625 0.04296875 0.046875 0.0859375
3 0.36328125 0.103515625 0.052734375 0.14453125
3 0.3193359375 0.4833984375 0.0673828125 0.154296875
4 0.439453125 0.28515625 0.0478515625 0.11328125
11 0.794921875 0.248046875 0.064453125 0.1826171875
8 0.810546875 0.3388671875 0.072265625 0.2119140625
7 0.8232421875 0.474609375 0.060546875 0.146484375
7 0.7900390625 0.166015625 0.0556640625 0.14453125
9 0.603515625 0.169921875 0.0625 0.1611328125
9 0.814453125 0.5947265625 0.072265625 0.166015625
10 0.509765625 0.751953125 0.0576171875 0.115234375
10 0.7138671875 0.6162109375 0.0625 0.11328125
10 0.7119140625 0.5107421875 0.0625 0.1181640625
10 0.701171875 0.39453125 0.060546875 0.1103515625
10 0.69921875 0.28515625 0.0625 0.1083984375
10 0.6962890625 0.1923828125 0.0556640625 0.1005859375
10 0.69140625 0.1025390625 0.0556640625 0.0986328125
10 0.6904296875 0.033203125 0.041015625 0.06640625
12 0.771484375 0.033203125 0.0546875 0.06640625
12 0.720703125 0.75 0.0673828125 0.14453125