5 0.791015625 0.7431640625 0.08203125 0.177734375
2 0.796875 0.6640625 0.08203125 0.208984375
6 0.861328125 0.275390625 0.083984375 0.142578125
6 0.73828125 0.96484375 0.05078125 0.0703125
1 0.755859375 0.8349609375 0.056640625 0.146484375
1 0.71875 0.400390625 0.068359375 0.146484375
4 0.6533203125 0.970703125 0.048828125 0.05859375
4 0.6728515625 0.8115234375 0.046875 0.107421875
4 0.66015625 0.9033203125 0.044921875 0.1015625
4 0.716796875 0.5166015625 0.056640625 0.1015625
4 0.701171875 0.62890625 0.05078125 0.11328125
4 0.65234375 0.265625 0.052734375 0.11328125
4 0.6201171875 0.39453125 0.056640625 0.1171875
4 0.5048828125 0.732421875 0.05078125 0.107421875
3 0.5771484375 0.9150390625 0.05859375 0.134765625
3 0.4287109375 0.6357421875 0.064453125 0.15234375
11 0.150390625 0.7509765625 0.0703125 0.181640625
8 0.1376953125 0.658203125 0.07421875 0.203125
7 0.15625 0.830078125 0.056640625 0.146484375
7 0.1259765625 0.51953125 0.060546875 0.142578125
9 0.3369140625 0.8349609375 0.056640625 0.150390625
9 0.1357421875 0.3984375 0.076171875 0.154296875
12 0.232421875 0.25390625 0.06640625 0.146484375
12 0.1708984375 0.9638671875 0.05078125 0.060546875
10 0.25 0.966796875 0.04296875 0.05859375
10 0.251953125 0.9033203125 0.044921875 0.095703125
10 0.2490234375 0.80859375 0.04296875 0.099609375
10 0.2470703125 0.7177734375 0.05078125 0.107421875
10 0.248046875 0.6123046875 0.052734375 0.10546875
10 0.240234375 0.501953125 0.052734375 0.109375
10 0.240234375 0.390625 0.0546875 0.11328125
10 0.4404296875 0.2646484375 0.05859375 0.123046875