2 0.767578125 0.3017578125 0.0888671875 0.2138671875
6 0.6572265625 0.1669921875 0.0693359375 0.1416015625
3 0.6455078125 0.763671875 0.083984375 0.1611328125
4 0.69921875 0.5458984375 0.0576171875 0.1103515625
4 0.51953125 0.3505859375 0.052734375 0.115234375
1 0.53515625 0.54296875 0.064453125 0.154296875
1 0.3505859375 0.1474609375 0.0625 0.15625
8 0.1767578125 0.392578125 0.0888671875 0.2236328125
10 0.3388671875 0.544921875 0.0625 0.1181640625
11 0.4443359375 0.1494140625 0.072265625 0.1826171875
9 0.1962890625 0.1455078125 0.0791015625 0.15625
7 0.5048828125 0.0712890625 0.0576171875 0.1416015625
7 0.1513671875 0.6396484375 0.08203125 0.158203125