5 0.2001953125 0.7880859375 0.11328125 0.205078125
2 0.1796875 0.7041015625 0.123046875 0.234375
6 0.056640625 0.287109375 0.109375 0.173828125
6 0.2822265625 0.9921875 0.068359375 0.015625
1 0.2509765625 0.884765625 0.078125 0.166015625
1 0.234375 0.4052734375 0.091796875 0.158203125
4 0.283203125 0.6572265625 0.0703125 0.119140625
4 0.251953125 0.53515625 0.07421875 0.12890625
4 0.2919921875 0.2509765625 0.076171875 0.12890625
4 0.341796875 0.392578125 0.078125 0.13671875
4 0.337890625 0.8544921875 0.064453125 0.1171875
4 0.365234375 0.947265625 0.0625 0.10546875
4 0.3828125 0.9912109375 0.0546875 0.017578125
3 0.4560546875 0.9375 0.076171875 0.125
3 0.3525390625 0.55078125 0.09765625 0.177734375
4 0.5126953125 0.748046875 0.0703125 0.130859375
11 0.9052734375 0.734375 0.09765625 0.208984375
8 0.9091796875 0.6318359375 0.111328125 0.240234375
7 0.9013671875 0.482421875 0.087890625 0.16796875
7 0.912109375 0.8232421875 0.08203125 0.166015625
9 0.7099609375 0.8486328125 0.091796875 0.185546875
9 0.875 0.3525390625 0.103515625 0.19140625
10 0.517578125 0.2275390625 0.080078125 0.134765625
10 0.7607421875 0.34375 0.083984375 0.1328125
10 0.7744140625 0.4599609375 0.0859375 0.138671875
10 0.7802734375 0.5888671875 0.08203125 0.130859375
10 0.796875 0.7080078125 0.083984375 0.126953125
10 0.806640625 0.8095703125 0.076171875 0.119140625
10 0.814453125 0.9072265625 0.07421875 0.11328125
12 0.748046875 0.1982421875 0.095703125 0.16796875