5 0.1533203125 0.712890625 0.08203125 0.181640625
2 0.1455078125 0.6337890625 0.0859375 0.20703125
6 0.0869140625 0.2353515625 0.08203125 0.15234375
6 0.201171875 0.953125 0.05859375 0.09375
1 0.1875 0.80859375 0.05078125 0.1484375
1 0.234375 0.3662109375 0.06640625 0.140625
4 0.24609375 0.6044921875 0.05078125 0.10546875
4 0.232421875 0.4873046875 0.0546875 0.11328125
4 0.3076171875 0.232421875 0.056640625 0.11328125
4 0.3349609375 0.369140625 0.056640625 0.12109375
4 0.2705078125 0.7919921875 0.046875 0.1015625
4 0.2841796875 0.8837890625 0.04296875 0.1015625
4 0.29296875 0.9599609375 0.046875 0.080078125
3 0.3671875 0.90234375 0.0546875 0.1484375
3 0.3232421875 0.5146484375 0.068359375 0.15625
4 0.4462890625 0.716796875 0.048828125 0.115234375
11 0.8076171875 0.7548828125 0.06640625 0.1875
8 0.8232421875 0.662109375 0.07421875 0.21484375
7 0.8369140625 0.5234375 0.0625 0.1484375
7 0.802734375 0.837890625 0.056640625 0.1484375
9 0.6123046875 0.8349609375 0.0625 0.1640625
9 0.828125 0.400390625 0.07421875 0.16796875
10 0.517578125 0.240234375 0.05859375 0.1171875
10 0.7255859375 0.37890625 0.0625 0.115234375
10 0.72265625 0.486328125 0.0625 0.12109375
10 0.7119140625 0.60546875 0.0625 0.11328125
10 0.7109375 0.716796875 0.0625 0.109375
10 0.70703125 0.8115234375 0.056640625 0.1015625
10 0.7021484375 0.9033203125 0.056640625 0.1015625
10 0.701171875 0.9697265625 0.04296875 0.060546875
12 0.7841796875 0.9697265625 0.056640625 0.060546875
12 0.732421875 0.2421875 0.068359375 0.1484375