5 0.8203125 0.7470703125 0.08203125 0.17578125
2 0.826171875 0.669921875 0.087890625 0.201171875
6 0.8779296875 0.2861328125 0.083984375 0.150390625
6 0.775390625 0.96484375 0.05859375 0.0703125
1 0.7880859375 0.8359375 0.056640625 0.14453125
1 0.73828125 0.40234375 0.068359375 0.13671875
4 0.7275390625 0.6337890625 0.05078125 0.10546875
4 0.7392578125 0.5205078125 0.0546875 0.111328125
4 0.6669921875 0.2666015625 0.060546875 0.109375
4 0.640625 0.3984375 0.05859375 0.115234375
4 0.7041015625 0.8154296875 0.046875 0.099609375
4 0.693359375 0.9013671875 0.046875 0.09765625
4 0.6875 0.96875 0.046875 0.0625
3 0.6123046875 0.912109375 0.056640625 0.14453125
3 0.6513671875 0.5400390625 0.072265625 0.15234375
4 0.5361328125 0.7275390625 0.05078125 0.111328125
11 0.185546875 0.7373046875 0.0703125 0.181640625
8 0.16796875 0.646484375 0.078125 0.208984375
7 0.15625 0.51171875 0.064453125 0.14453125
7 0.1904296875 0.8193359375 0.060546875 0.142578125
9 0.3759765625 0.830078125 0.068359375 0.162109375
9 0.1611328125 0.3955078125 0.080078125 0.162109375
10 0.462890625 0.2607421875 0.05859375 0.11328125
10 0.259765625 0.3798828125 0.06640625 0.111328125
10 0.263671875 0.484375 0.068359375 0.1171875
10 0.2763671875 0.6015625 0.060546875 0.109375
10 0.279296875 0.7080078125 0.06640625 0.107421875
10 0.2822265625 0.7998046875 0.05859375 0.099609375
10 0.2890625 0.888671875 0.060546875 0.099609375
10 0.291015625 0.9599609375 0.044921875 0.072265625
12 0.208984375 0.95703125 0.060546875 0.078125
12 0.2509765625 0.2490234375 0.072265625 0.142578125