5 0.240234375 0.25390625 0.09765625 0.17578125
2 0.2265625 0.326171875 0.10546875 0.201171875
6 0.1376953125 0.689453125 0.095703125 0.15234375
6 0.3056640625 0.0419921875 0.068359375 0.083984375
1 0.279296875 0.1708984375 0.068359375 0.14453125
1 0.2841796875 0.591796875 0.080078125 0.138671875
4 0.3173828125 0.37109375 0.05859375 0.107421875
4 0.2939453125 0.478515625 0.064453125 0.111328125
4 0.337890625 0.7294921875 0.068359375 0.109375
4 0.376953125 0.60546875 0.068359375 0.1171875
4 0.357421875 0.19921875 0.056640625 0.1015625
4 0.3779296875 0.1181640625 0.056640625 0.09765625
4 0.3916015625 0.0419921875 0.056640625 0.083984375
3 0.4560546875 0.1162109375 0.068359375 0.14453125
3 0.380859375 0.4697265625 0.083984375 0.154296875
4 0.5107421875 0.30078125 0.05859375 0.111328125
11 0.84765625 0.3251953125 0.0859375 0.1796875
8 0.85546875 0.4150390625 0.095703125 0.20703125
7 0.853515625 0.5458984375 0.076171875 0.14453125
7 0.8515625 0.248046875 0.072265625 0.142578125
9 0.673828125 0.21875 0.083984375 0.162109375
9 0.8369140625 0.6572265625 0.091796875 0.1640625
10 0.533203125 0.755859375 0.068359375 0.115234375
10 0.740234375 0.6630859375 0.07421875 0.11328125
10 0.7470703125 0.5615234375 0.078125 0.119140625
10 0.7470703125 0.447265625 0.068359375 0.109375
10 0.7548828125 0.345703125 0.07421875 0.107421875
10 0.76171875 0.2568359375 0.06640625 0.103515625
10 0.763671875 0.169921875 0.068359375 0.099609375
10 0.771484375 0.0869140625 0.052734375 0.103515625
12 0.849609375 0.095703125 0.0703125 0.1171875
12 0.7353515625 0.7900390625 0.08203125 0.142578125