5 0.763671875 0.314453125 0.083984375 0.177734375
2 0.767578125 0.3955078125 0.083984375 0.2041015625
6 0.8193359375 0.791015625 0.08203125 0.14453125
6 0.71875 0.0673828125 0.0478515625 0.1201171875
1 0.7333984375 0.22265625 0.052734375 0.146484375
1 0.6806640625 0.662109375 0.0673828125 0.146484375
4 0.6318359375 0.060546875 0.0478515625 0.10546875
4 0.6494140625 0.244140625 0.04296875 0.1083984375
4 0.63671875 0.15234375 0.04296875 0.103515625
4 0.6826171875 0.544921875 0.0576171875 0.103515625
4 0.66796875 0.4287109375 0.0478515625 0.11328125
4 0.6083984375 0.7978515625 0.052734375 0.115234375
4 0.5791015625 0.666015625 0.0576171875 0.1201171875
4 0.474609375 0.3212890625 0.05078125 0.1083984375
3 0.5556640625 0.13671875 0.0576171875 0.1396484375
3 0.39453125 0.41796875 0.0625 0.154296875
11 0.1181640625 0.2978515625 0.0673828125 0.1826171875
8 0.1005859375 0.390625 0.072265625 0.2041015625
7 0.1259765625 0.21875 0.0556640625 0.14453125
7 0.0849609375 0.529296875 0.060546875 0.14453125
9 0.310546875 0.216796875 0.052734375 0.154296875
9 0.087890625 0.6513671875 0.07421875 0.154296875
12 0.18359375 0.8017578125 0.064453125 0.146484375
12 0.1416015625 0.0576171875 0.052734375 0.115234375
10 0.224609375 0.05859375 0.041015625 0.0986328125
10 0.2255859375 0.1455078125 0.04296875 0.0986328125
10 0.21875 0.240234375 0.04296875 0.1005859375
10 0.2138671875 0.33203125 0.0478515625 0.10546875
10 0.2119140625 0.439453125 0.052734375 0.10546875
10 0.1982421875 0.55078125 0.05078125 0.1103515625
10 0.1962890625 0.6630859375 0.0556640625 0.115234375
10 0.39453125 0.79296875 0.0576171875 0.125