5 0.1943359375 0.2451171875 0.09765625 0.19140625
2 0.193359375 0.3291015625 0.107421875 0.220703125
6 0.166015625 0.740234375 0.095703125 0.162109375
6 0.2275390625 0.033203125 0.060546875 0.029296875
1 0.22265625 0.146484375 0.068359375 0.15234375
1 0.3076171875 0.599609375 0.083984375 0.1484375
4 0.2998046875 0.35546875 0.05859375 0.115234375
4 0.296875 0.4755859375 0.06640625 0.12109375
4 0.392578125 0.7333984375 0.068359375 0.1171875
4 0.41015625 0.5908203125 0.068359375 0.12890625
4 0.3095703125 0.1611328125 0.05859375 0.109375
4 0.3173828125 0.0673828125 0.052734375 0.103515625
3 0.40234375 0.0625 0.064453125 0.115234375
3 0.3857421875 0.443359375 0.08203125 0.1640625
4 0.49609375 0.2314453125 0.060546875 0.119140625
11 0.8642578125 0.17578125 0.087890625 0.1953125
8 0.8876953125 0.271484375 0.095703125 0.2265625
7 0.912109375 0.4111328125 0.076171875 0.158203125
7 0.8525390625 0.091796875 0.072265625 0.15234375
9 0.65625 0.103515625 0.08203125 0.173828125
9 0.9140625 0.5361328125 0.091796875 0.177734375
10 0.6083984375 0.71484375 0.0703125 0.123046875
10 0.8095703125 0.564453125 0.076171875 0.125
10 0.7998046875 0.4541015625 0.076171875 0.12890625
10 0.7783203125 0.33203125 0.0703125 0.115234375
10 0.7666015625 0.2216796875 0.076171875 0.1171875
10 0.755859375 0.123046875 0.068359375 0.107421875
10 0.7431640625 0.041015625 0.068359375 0.08203125
12 0.8291015625 0.703125 0.083984375 0.15625