1 0.732421875 0.458984375 0.08984375 0.15234375
10 0.4970703125 0.2646484375 0.078125 0.12109375
5 0.720703125 0.8056640625 0.115234375 0.1796875
2 0.75390625 0.7275390625 0.123046875 0.212890625
1 0.666015625 0.8818359375 0.0859375 0.150390625
6 0.9013671875 0.37109375 0.109375 0.15625
6 0.6171875 0.9814453125 0.0703125 0.037109375
3 0.3984375 0.609375 0.08984375 0.154296875
3 0.4765625 0.919921875 0.08203125 0.142578125
4 0.5341796875 0.978515625 0.060546875 0.04296875
4 0.5576171875 0.9287109375 0.0625 0.10546875
4 0.591796875 0.8466796875 0.072265625 0.115234375
4 0.662109375 0.6728515625 0.076171875 0.1171875
4 0.7001953125 0.5703125 0.076171875 0.1171875
4 0.701171875 0.3095703125 0.08203125 0.130859375
4 0.6376953125 0.431640625 0.08203125 0.123046875
4 0.44921875 0.7275390625 0.072265625 0.11328125
11 0.1044921875 0.658203125 0.11328125 0.19140625
8 0.1181640625 0.56640625 0.125 0.212890625
7 0.0908203125 0.73828125 0.0859375 0.1484375
7 0.1357421875 0.435546875 0.09375 0.15625
12 0.2998046875 0.201171875 0.10546875 0.15234375
12 0.072265625 0.8701171875 0.068359375 0.076171875
9 0.265625 0.7900390625 0.087890625 0.150390625
9 0.171875 0.3232421875 0.107421875 0.1640625
10 0.3681640625 0.705078125 0.072265625 0.115234375
10 0.3154296875 0.8662109375 0.072265625 0.11328125
10 0.150390625 0.892578125 0.056640625 0.0703125
10 0.1884765625 0.7412109375 0.07421875 0.1171875
10 0.232421875 0.5498046875 0.07421875 0.1171875
10 0.25 0.4423828125 0.07421875 0.11328125
10 0.2763671875 0.3359375 0.080078125 0.119140625