1 0.708984375 0.61328125 0.052734375 0.134765625
10 0.447265625 0.7333984375 0.0478515625 0.10546875
5 0.7822265625 0.294921875 0.0693359375 0.15625
2 0.794921875 0.3740234375 0.0693359375 0.189453125
1 0.751953125 0.2119140625 0.0478515625 0.134765625
6 0.841796875 0.734375 0.072265625 0.1318359375
6 0.7392578125 0.064453125 0.05078125 0.115234375
3 0.44140625 0.3955078125 0.05078125 0.13671875
3 0.587890625 0.130859375 0.0458984375 0.126953125
4 0.658203125 0.0625 0.04296875 0.091796875
4 0.6650390625 0.142578125 0.0361328125 0.09375
4 0.67578125 0.2255859375 0.04296875 0.1005859375
4 0.697265625 0.4013671875 0.0478515625 0.1005859375
4 0.70703125 0.5048828125 0.0478515625 0.1005859375
4 0.642578125 0.7412109375 0.05078125 0.11328125
4 0.615234375 0.615234375 0.052734375 0.10546875
4 0.5166015625 0.298828125 0.04296875 0.0986328125
11 0.1865234375 0.279296875 0.064453125 0.16796875
8 0.17578125 0.365234375 0.072265625 0.1875
7 0.1923828125 0.203125 0.0478515625 0.1318359375
7 0.16015625 0.4892578125 0.0556640625 0.13671875
12 0.251953125 0.7431640625 0.0673828125 0.1298828125
12 0.20703125 0.0537109375 0.05078125 0.107421875
9 0.3642578125 0.1982421875 0.05078125 0.1318359375
9 0.166015625 0.599609375 0.0673828125 0.1416015625
10 0.4375 0.30078125 0.04296875 0.1005859375
10 0.427734375 0.140625 0.04296875 0.0986328125
10 0.28515625 0.056640625 0.041015625 0.0986328125
10 0.2822265625 0.2236328125 0.0458984375 0.1005859375
10 0.275390625 0.408203125 0.0458984375 0.1005859375
10 0.265625 0.5107421875 0.0458984375 0.0986328125
10 0.263671875 0.6142578125 0.05078125 0.103515625