2 0.8544921875 0.7119140625 0.1171875 0.2421875
6 0.74609375 0.8701171875 0.08984375 0.162109375
3 0.6767578125 0.2177734375 0.107421875 0.185546875
4 0.755859375 0.451171875 0.07421875 0.126953125
4 0.576171875 0.681640625 0.0703125 0.130859375
1 0.576171875 0.4697265625 0.0859375 0.173828125
1 0.4111328125 0.9150390625 0.083984375 0.169921875
8 0.197265625 0.6689453125 0.119140625 0.25390625
10 0.3603515625 0.486328125 0.080078125 0.134765625
11 0.5126953125 0.90234375 0.095703125 0.1953125
9 0.2421875 0.923828125 0.1015625 0.15234375
7 0.5849609375 0.953125 0.0703125 0.087890625
7 0.146484375 0.400390625 0.10546875 0.181640625