5 0.2080078125 0.36328125 0.11328125 0.189453125
2 0.21875 0.443359375 0.1171875 0.21484375
6 0.236328125 0.841796875 0.10546875 0.15625
6 0.208984375 0.1123046875 0.068359375 0.126953125
1 0.2216796875 0.267578125 0.078125 0.154296875
1 0.3505859375 0.69140625 0.091796875 0.15625
4 0.2939453125 0.08984375 0.06640625 0.111328125
4 0.30859375 0.2744140625 0.060546875 0.11328125
4 0.3046875 0.181640625 0.060546875 0.109375
4 0.328125 0.576171875 0.07421875 0.111328125
4 0.322265625 0.458984375 0.06640625 0.119140625
4 0.4453125 0.8125 0.072265625 0.123046875
4 0.451171875 0.6767578125 0.078125 0.12890625
4 0.494140625 0.3193359375 0.068359375 0.115234375
3 0.3818359375 0.15234375 0.080078125 0.1484375
3 0.58984375 0.4013671875 0.087890625 0.162109375
11 0.8408203125 0.234375 0.09765625 0.19140625
8 0.8740234375 0.3232421875 0.107421875 0.212890625
7 0.8193359375 0.158203125 0.080078125 0.15234375
7 0.9140625 0.45703125 0.083984375 0.15234375
9 0.6376953125 0.1884765625 0.078125 0.16015625
9 0.9326171875 0.5771484375 0.099609375 0.1640625
12 0.8642578125 0.7421875 0.08984375 0.15625
12 0.7763671875 0.03125 0.072265625 0.0625
10 0.6943359375 0.0341796875 0.056640625 0.068359375
10 0.708984375 0.103515625 0.05859375 0.10546875
10 0.7314453125 0.1953125 0.060546875 0.107421875
10 0.7529296875 0.28515625 0.06640625 0.111328125
10 0.7734375 0.390625 0.0703125 0.11328125
10 0.8056640625 0.498046875 0.068359375 0.1171875
10 0.8271484375 0.607421875 0.07421875 0.123046875
10 0.654296875 0.7705078125 0.078125 0.1328125