5 0.76171875 0.2451171875 0.099609375 0.181640625
2 0.78125 0.3203125 0.109375 0.20703125
6 0.890625 0.6865234375 0.095703125 0.154296875
6 0.6826171875 0.0380859375 0.068359375 0.076171875
1 0.7158203125 0.1630859375 0.0703125 0.14453125
1 0.734375 0.587890625 0.083984375 0.140625
4 0.6904296875 0.3671875 0.060546875 0.107421875
4 0.71875 0.474609375 0.06640625 0.11328125
4 0.685546875 0.7275390625 0.068359375 0.111328125
4 0.640625 0.6025390625 0.068359375 0.12109375
4 0.6416015625 0.193359375 0.060546875 0.103515625
4 0.615234375 0.1103515625 0.0546875 0.09765625
4 0.5966796875 0.0380859375 0.056640625 0.076171875
3 0.53515625 0.1064453125 0.0703125 0.14453125
3 0.630859375 0.4638671875 0.083984375 0.154296875
4 0.4873046875 0.296875 0.060546875 0.11328125
11 0.14453125 0.322265625 0.08984375 0.18359375
8 0.142578125 0.4130859375 0.099609375 0.2109375
7 0.150390625 0.5439453125 0.078125 0.1484375
7 0.1376953125 0.244140625 0.072265625 0.14453125
9 0.3154296875 0.2138671875 0.083984375 0.1640625
9 0.173828125 0.658203125 0.091796875 0.16796875
10 0.4873046875 0.7548828125 0.072265625 0.1171875
10 0.2744140625 0.662109375 0.076171875 0.1171875
10 0.259765625 0.5595703125 0.076171875 0.123046875
10 0.25390625 0.4462890625 0.0703125 0.109375
10 0.2412109375 0.3427734375 0.076171875 0.109375
10 0.23046875 0.251953125 0.06640625 0.1015625
10 0.2216796875 0.1650390625 0.068359375 0.099609375
10 0.2099609375 0.083984375 0.0546875 0.1015625
12 0.1318359375 0.095703125 0.06640625 0.103515625
12 0.2841796875 0.7919921875 0.0859375 0.1484375