2 0.77734375 0.185546875 0.14453125 0.25
6 0.6279296875 0.07421875 0.107421875 0.1484375
3 0.7509765625 0.7099609375 0.126953125 0.193359375
4 0.759765625 0.4638671875 0.087890625 0.1328125
4 0.521484375 0.2958984375 0.083984375 0.13671875
1 0.5830078125 0.498046875 0.10546875 0.1796875
1 0.2939453125 0.1171875 0.1015625 0.17578125
8 0.162109375 0.4189453125 0.146484375 0.26171875
10 0.3720703125 0.544921875 0.09375 0.140625
11 0.3955078125 0.103515625 0.11328125 0.193359375
9 0.1279296875 0.15234375 0.119140625 0.177734375
7 0.44921875 0.0400390625 0.078125 0.080078125
7 0.1923828125 0.6904296875 0.125 0.189453125